Generation	Size	Frequency	Count
0.000000	1	1.000000	1
0.000000	2	2.000000	0
0.000000	3	3.000000	0
0.000000	4	4.000000	0
0.000000	5	5.000000	0
0.000000	6	6.000000	0
0.000000	7	7.000000	0
0.000000	8	8.000000	0
0.000000	9	9.000000	0
0.000000	10	10.000000	0
10.166478	1	0.001036	0
10.166478	2	0.002073	0
10.166478	3	0.003109	0
10.166478	4	0.004145	0
10.166478	5	0.005181	0
10.166478	6	0.006218	1
10.166478	7	0.007254	0
10.166478	8	0.008290	0
10.166478	9	0.009326	0
10.166478	10	0.010363	0
10.166478	965	1.000000	1
20.169292	1	0.000976	0
20.169292	2	0.001951	0
20.169292	3	0.002927	0
20.169292	4	0.003902	0
20.169292	5	0.004878	0
20.169292	6	0.005854	0
20.169292	7	0.006829	0
20.169292	8	0.007805	0
20.169292	9	0.008780	0
20.169292	10	0.009756	0
20.169292	1025	1.000000	3
30.169653	1	0.000976	0
30.169653	2	0.001951	0
30.169653	3	0.002927	0
30.169653	4	0.003902	0
30.169653	5	0.004878	0
30.169653	6	0.005854	0
30.169653	7	0.006829	0
30.169653	8	0.007805	0
30.169653	9	0.008780	0
30.169653	10	0.009756	0
30.169653	1025	1.000000	3
40.170147	1	0.000977	0
40.170147	2	0.001953	0
40.170147	3	0.002930	0
40.170147	4	0.003906	0
40.170147	5	0.004883	0
40.170147	6	0.005859	0
40.170147	7	0.006836	0
40.170147	8	0.007812	0
40.170147	9	0.008789	0
40.170147	10	0.009766	0
40.170147	1024	1.000000	3
50.170452	1	0.000976	0
50.170452	2	0.001951	0
50.170452	3	0.002927	0
50.170452	4	0.003902	0
50.170452	5	0.004878	0
50.170452	6	0.005854	0
50.170452	7	0.006829	0
50.170452	8	0.007805	0
50.170452	9	0.008780	0
50.170452	10	0.009756	0
50.170452	1025	1.000000	3
60.171165	1	0.000976	1
60.171165	2	0.001951	0
60.171165	3	0.002927	0
60.171165	4	0.003902	0
60.171165	5	0.004878	0
60.171165	6	0.005854	0
60.171165	7	0.006829	0
60.171165	8	0.007805	0
60.171165	9	0.008780	0
60.171165	10	0.009756	0
60.171165	1025	1.000000	3
70.171776	1	0.000976	0
70.171776	2	0.001951	0
70.171776	3	0.002927	0
70.171776	4	0.003902	0
70.171776	5	0.004878	0
70.171776	6	0.005854	0
70.171776	7	0.006829	0
70.171776	8	0.007805	0
70.171776	9	0.008780	0
70.171776	10	0.009756	0
70.171776	1025	1.000000	3
80.172142	1	0.000976	2
80.172142	2	0.001951	0
80.172142	3	0.002927	0
80.172142	4	0.003902	0
80.172142	5	0.004878	0
80.172142	6	0.005854	0
80.172142	7	0.006829	0
80.172142	8	0.007805	0
80.172142	9	0.008780	0
80.172142	10	0.009756	0
80.172142	1025	1.000000	3
90.172424	1	0.000976	0
90.172424	2	0.001951	0
90.172424	3	0.002927	0
90.172424	4	0.003902	0
90.172424	5	0.004878	0
90.172424	6	0.005854	0
90.172424	7	0.006829	0
90.172424	8	0.007805	0
90.172424	9	0.008780	0
90.172424	10	0.009756	0
90.172424	1025	1.000000	3
100.172653	1	0.000976	0
100.172653	2	0.001951	0
100.172653	3	0.002927	0
100.172653	4	0.003902	0
100.172653	5	0.004878	0
100.172653	6	0.005854	0
100.172653	7	0.006829	0
100.172653	8	0.007805	0
100.172653	9	0.008780	0
100.172653	10	0.009756	0
100.172653	1025	1.000000	3
110.173058	1	0.000976	0
110.173058	2	0.001951	0
110.173058	3	0.002927	0
110.173058	4	0.003902	0
110.173058	5	0.004878	0
110.173058	6	0.005854	0
110.173058	7	0.006829	0
110.173058	8	0.007805	0
110.173058	9	0.008780	0
110.173058	10	0.009756	0
110.173058	1025	1.000000	3
120.173584	1	0.000976	0
120.173584	2	0.001951	0
120.173584	3	0.002927	0
120.173584	4	0.003902	0
120.173584	5	0.004878	0
120.173584	6	0.005854	0
120.173584	7	0.006829	0
120.173584	8	0.007805	0
120.173584	9	0.008780	0
120.173584	10	0.009756	0
120.173584	1025	1.000000	3
130.174362	1	0.000976	0
130.174362	2	0.001951	0
130.174362	3	0.002927	1
130.174362	4	0.003902	0
130.174362	5	0.004878	0
130.174362	6	0.005854	0
130.174362	7	0.006829	0
130.174362	8	0.007805	0
130.174362	9	0.008780	0
130.174362	10	0.009756	0
130.174362	1025	1.000000	3
140.174942	1	0.000976	0
140.174942	2	0.001951	0
140.174942	3	0.002927	0
140.174942	4	0.003902	0
140.174942	5	0.004878	0
140.174942	6	0.005854	0
140.174942	7	0.006829	0
140.174942	8	0.007805	0
140.174942	9	0.008780	0
140.174942	10	0.009756	0
140.174942	1025	1.000000	3
150.175323	1	0.000976	0
150.175323	2	0.001951	0
150.175323	3	0.002927	0
150.175323	4	0.003902	0
150.175323	5	0.004878	0
150.175323	6	0.005854	0
150.175323	7	0.006829	0
150.175323	8	0.007805	0
150.175323	9	0.008780	0
150.175323	10	0.009756	0
150.175323	1025	1.000000	3
160.175888	1	0.000976	1
160.175888	2	0.001951	0
160.175888	3	0.002927	0
160.175888	4	0.003902	0
160.175888	5	0.004878	0
160.175888	6	0.005854	0
160.175888	7	0.006829	0
160.175888	8	0.007805	0
160.175888	9	0.008780	0
160.175888	10	0.009756	0
160.175888	1025	1.000000	3
170.176193	1	0.000976	1
170.176193	2	0.001951	0
170.176193	3	0.002927	0
170.176193	4	0.003902	0
170.176193	5	0.004878	0
170.176193	6	0.005854	0
170.176193	7	0.006829	0
170.176193	8	0.007805	0
170.176193	9	0.008780	0
170.176193	10	0.009756	0
170.176193	1025	1.000000	3
180.176620	1	0.000977	0
180.176620	2	0.001953	0
180.176620	3	0.002930	0
180.176620	4	0.003906	0
180.176620	5	0.004883	0
180.176620	6	0.005859	0
180.176620	7	0.006836	0
180.176620	8	0.007812	0
180.176620	9	0.008789	0
180.176620	10	0.009766	0
180.176620	1024	1.000000	3
190.177475	1	0.000976	0
190.177475	2	0.001951	0
190.177475	3	0.002927	0
190.177475	4	0.003902	0
190.177475	5	0.004878	0
190.177475	6	0.005854	0
190.177475	7	0.006829	0
190.177475	8	0.007805	0
190.177475	9	0.008780	0
190.177475	10	0.009756	0
190.177475	1025	1.000000	3
200.178177	1	0.000976	1
200.178177	2	0.001951	0
200.178177	3	0.002927	0
200.178177	4	0.003902	0
200.178177	5	0.004878	0
200.178177	6	0.005854	0
200.178177	7	0.006829	0
200.178177	8	0.007805	0
200.178177	9	0.008780	0
200.178177	10	0.009756	0
200.178177	1025	1.000000	3
210.178635	1	0.000976	0
210.178635	2	0.001951	0
210.178635	3	0.002927	0
210.178635	4	0.003902	0
210.178635	5	0.004878	0
210.178635	6	0.005854	0
210.178635	7	0.006829	0
210.178635	8	0.007805	0
210.178635	9	0.008780	0
210.178635	10	0.009756	0
210.178635	1025	1.000000	3
220.179474	1	0.000976	0
220.179474	2	0.001951	0
220.179474	3	0.002927	0
220.179474	4	0.003902	0
220.179474	5	0.004878	0
220.179474	6	0.005854	0
220.179474	7	0.006829	0
220.179474	8	0.007805	0
220.179474	9	0.008780	0
220.179474	10	0.009756	0
220.179474	1025	1.000000	3
230.180405	1	0.000976	0
230.180405	2	0.001951	0
230.180405	3	0.002927	0
230.180405	4	0.003902	0
230.180405	5	0.004878	0
230.180405	6	0.005854	0
230.180405	7	0.006829	0
230.180405	8	0.007805	0
230.180405	9	0.008780	0
230.180405	10	0.009756	0
230.180405	1025	1.000000	3
240.180786	1	0.000976	0
240.180786	2	0.001951	0
240.180786	3	0.002927	0
240.180786	4	0.003902	0
240.180786	5	0.004878	0
240.180786	6	0.005854	0
240.180786	7	0.006829	0
240.180786	8	0.007805	0
240.180786	9	0.008780	0
240.180786	10	0.009756	0
240.180786	1025	1.000000	3
250.181259	1	0.000976	0
250.181259	2	0.001951	0
250.181259	3	0.002927	0
250.181259	4	0.003902	0
250.181259	5	0.004878	0
250.181259	6	0.005854	0
250.181259	7	0.006829	0
250.181259	8	0.007805	0
250.181259	9	0.008780	0
250.181259	10	0.009756	0
250.181259	1025	1.000000	3
260.181671	1	0.000977	0
260.181671	2	0.001953	0
260.181671	3	0.002930	0
260.181671	4	0.003906	0
260.181671	5	0.004883	0
260.181671	6	0.005859	0
260.181671	7	0.006836	0
260.181671	8	0.007812	0
260.181671	9	0.008789	0
260.181671	10	0.009766	0
260.181671	1024	1.000000	3
270.182373	1	0.000976	0
270.182373	2	0.001951	0
270.182373	3	0.002927	0
270.182373	4	0.003902	0
270.182373	5	0.004878	0
270.182373	6	0.005854	0
270.182373	7	0.006829	0
270.182373	8	0.007805	0
270.182373	9	0.008780	0
270.182373	10	0.009756	0
270.182373	1025	1.000000	3
280.182648	1	0.000976	0
280.182648	2	0.001951	0
280.182648	3	0.002927	0
280.182648	4	0.003902	0
280.182648	5	0.004878	0
280.182648	6	0.005854	0
280.182648	7	0.006829	0
280.182648	8	0.007805	0
280.182648	9	0.008780	0
280.182648	10	0.009756	0
280.182648	1025	1.000000	3
290.183228	1	0.000975	0
290.183228	2	0.001949	0
290.183228	3	0.002924	0
290.183228	4	0.003899	0
290.183228	5	0.004873	0
290.183228	6	0.005848	0
290.183228	7	0.006823	0
290.183228	8	0.007797	0
290.183228	9	0.008772	0
290.183228	10	0.009747	0
290.183228	1026	1.000000	3
300.183807	1	0.000976	0
300.183807	2	0.001951	0
300.183807	3	0.002927	0
300.183807	4	0.003902	0
300.183807	5	0.004878	0
300.183807	6	0.005854	0
300.183807	7	0.006829	0
300.183807	8	0.007805	0
300.183807	9	0.008780	0
300.183807	10	0.009756	0
300.183807	1025	1.000000	3
310.184143	1	0.000976	0
310.184143	2	0.001951	0
310.184143	3	0.002927	0
310.184143	4	0.003902	0
310.184143	5	0.004878	0
310.184143	6	0.005854	0
310.184143	7	0.006829	0
310.184143	8	0.007805	0
310.184143	9	0.008780	0
310.184143	10	0.009756	0
310.184143	1025	1.000000	3
320.184509	1	0.000976	0
320.184509	2	0.001951	0
320.184509	3	0.002927	0
320.184509	4	0.003902	0
320.184509	5	0.004878	0
320.184509	6	0.005854	0
320.184509	7	0.006829	0
320.184509	8	0.007805	0
320.184509	9	0.008780	0
320.184509	10	0.009756	0
320.184509	1025	1.000000	3
330.184753	1	0.000976	0
330.184753	2	0.001951	0
330.184753	3	0.002927	0
330.184753	4	0.003902	0
330.184753	5	0.004878	0
330.184753	6	0.005854	0
330.184753	7	0.006829	0
330.184753	8	0.007805	0
330.184753	9	0.008780	0
330.184753	10	0.009756	0
330.184753	1025	1.000000	3
340.185547	1	0.000976	0
340.185547	2	0.001951	0
340.185547	3	0.002927	0
340.185547	4	0.003902	0
340.185547	5	0.004878	0
340.185547	6	0.005854	0
340.185547	7	0.006829	0
340.185547	8	0.007805	0
340.185547	9	0.008780	0
340.185547	10	0.009756	0
340.185547	1025	1.000000	3
350.186493	1	0.000976	0
350.186493	2	0.001951	0
350.186493	3	0.002927	0
350.186493	4	0.003902	0
350.186493	5	0.004878	0
350.186493	6	0.005854	0
350.186493	7	0.006829	0
350.186493	8	0.007805	0
350.186493	9	0.008780	0
350.186493	10	0.009756	0
350.186493	1025	1.000000	3
360.187073	1	0.000976	0
360.187073	2	0.001951	0
360.187073	3	0.002927	0
360.187073	4	0.003902	0
360.187073	5	0.004878	0
360.187073	6	0.005854	0
360.187073	7	0.006829	0
360.187073	8	0.007805	0
360.187073	9	0.008780	0
360.187073	10	0.009756	0
360.187073	1025	1.000000	3
370.187958	1	0.000976	0
370.187958	2	0.001951	0
370.187958	3	0.002927	0
370.187958	4	0.003902	0
370.187958	5	0.004878	0
370.187958	6	0.005854	0
370.187958	7	0.006829	0
370.187958	8	0.007805	0
370.187958	9	0.008780	0
370.187958	10	0.009756	0
370.187958	1025	1.000000	3
380.188324	1	0.000977	0
380.188324	2	0.001953	0
380.188324	3	0.002930	0
380.188324	4	0.003906	0
380.188324	5	0.004883	0
380.188324	6	0.005859	0
380.188324	7	0.006836	0
380.188324	8	0.007812	0
380.188324	9	0.008789	0
380.188324	10	0.009766	0
380.188324	1024	1.000000	3
390.188812	1	0.000976	0
390.188812	2	0.001951	0
390.188812	3	0.002927	0
390.188812	4	0.003902	0
390.188812	5	0.004878	0
390.188812	6	0.005854	0
390.188812	7	0.006829	0
390.188812	8	0.007805	0
390.188812	9	0.008780	0
390.188812	10	0.009756	0
390.188812	1025	1.000000	3
400.189819	1	0.000976	0
400.189819	2	0.001951	0
400.189819	3	0.002927	0
400.189819	4	0.003902	0
400.189819	5	0.004878	0
400.189819	6	0.005854	0
400.189819	7	0.006829	0
400.189819	8	0.007805	0
400.189819	9	0.008780	0
400.189819	10	0.009756	0
400.189819	1025	1.000000	3
410.190308	1	0.000976	0
410.190308	2	0.001951	0
410.190308	3	0.002927	0
410.190308	4	0.003902	0
410.190308	5	0.004878	0
410.190308	6	0.005854	0
410.190308	7	0.006829	0
410.190308	8	0.007805	0
410.190308	9	0.008780	0
410.190308	10	0.009756	0
410.190308	1025	1.000000	3
420.190582	1	0.000976	0
420.190582	2	0.001951	0
420.190582	3	0.002927	0
420.190582	4	0.003902	0
420.190582	5	0.004878	0
420.190582	6	0.005854	0
420.190582	7	0.006829	0
420.190582	8	0.007805	0
420.190582	9	0.008780	0
420.190582	10	0.009756	0
420.190582	1025	1.000000	3
430.191132	1	0.000976	0
430.191132	2	0.001951	0
430.191132	3	0.002927	0
430.191132	4	0.003902	0
430.191132	5	0.004878	0
430.191132	6	0.005854	0
430.191132	7	0.006829	0
430.191132	8	0.007805	0
430.191132	9	0.008780	0
430.191132	10	0.009756	0
430.191132	1025	1.000000	3
440.191681	1	0.000976	1
440.191681	2	0.001951	0
440.191681	3	0.002927	0
440.191681	4	0.003902	0
440.191681	5	0.004878	0
440.191681	6	0.005854	0
440.191681	7	0.006829	0
440.191681	8	0.007805	0
440.191681	9	0.008780	0
440.191681	10	0.009756	0
440.191681	1025	1.000000	3
450.192352	1	0.000976	0
450.192352	2	0.001951	0
450.192352	3	0.002927	0
450.192352	4	0.003902	0
450.192352	5	0.004878	0
450.192352	6	0.005854	0
450.192352	7	0.006829	0
450.192352	8	0.007805	0
450.192352	9	0.008780	0
450.192352	10	0.009756	0
450.192352	1025	1.000000	3
460.192566	1	0.000976	0
460.192566	2	0.001951	0
460.192566	3	0.002927	0
460.192566	4	0.003902	0
460.192566	5	0.004878	0
460.192566	6	0.005854	0
460.192566	7	0.006829	0
460.192566	8	0.007805	0
460.192566	9	0.008780	0
460.192566	10	0.009756	0
460.192566	1025	1.000000	3
470.192963	1	0.000976	0
470.192963	2	0.001951	0
470.192963	3	0.002927	0
470.192963	4	0.003902	0
470.192963	5	0.004878	0
470.192963	6	0.005854	0
470.192963	7	0.006829	0
470.192963	8	0.007805	0
470.192963	9	0.008780	0
470.192963	10	0.009756	0
470.192963	1025	1.000000	3
480.193604	1	0.000976	0
480.193604	2	0.001951	0
480.193604	3	0.002927	0
480.193604	4	0.003902	0
480.193604	5	0.004878	0
480.193604	6	0.005854	0
480.193604	7	0.006829	0
480.193604	8	0.007805	0
480.193604	9	0.008780	0
480.193604	10	0.009756	0
480.193604	1025	1.000000	3
490.194061	1	0.000976	0
490.194061	2	0.001951	0
490.194061	3	0.002927	0
490.194061	4	0.003902	0
490.194061	5	0.004878	0
490.194061	6	0.005854	0
490.194061	7	0.006829	0
490.194061	8	0.007805	0
490.194061	9	0.008780	0
490.194061	10	0.009756	0
490.194061	1025	1.000000	3
500.194580	1	0.000976	1
500.194580	2	0.001951	0
500.194580	3	0.002927	0
500.194580	4	0.003902	0
500.194580	5	0.004878	0
500.194580	6	0.005854	0
500.194580	7	0.006829	0
500.194580	8	0.007805	0
500.194580	9	0.008780	0
500.194580	10	0.009756	0
500.194580	1025	1.000000	3
510.195099	1	0.000975	0
510.195099	2	0.001949	0
510.195099	3	0.002924	0
510.195099	4	0.003899	0
510.195099	5	0.004873	0
510.195099	6	0.005848	0
510.195099	7	0.006823	0
510.195099	8	0.007797	0
510.195099	9	0.008772	0
510.195099	10	0.009747	0
510.195099	1026	1.000000	3
520.195435	1	0.000976	1
520.195435	2	0.001951	0
520.195435	3	0.002927	0
520.195435	4	0.003902	0
520.195435	5	0.004878	0
520.195435	6	0.005854	0
520.195435	7	0.006829	0
520.195435	8	0.007805	0
520.195435	9	0.008780	0
520.195435	10	0.009756	0
520.195435	1025	1.000000	3
530.195801	1	0.000976	1
530.195801	2	0.001951	0
530.195801	3	0.002927	0
530.195801	4	0.003902	0
530.195801	5	0.004878	0
530.195801	6	0.005854	0
530.195801	7	0.006829	0
530.195801	8	0.007805	0
530.195801	9	0.008780	0
530.195801	10	0.009756	0
530.195801	1025	1.000000	3
540.196045	1	0.000976	0
540.196045	2	0.001951	0
540.196045	3	0.002927	0
540.196045	4	0.003902	0
540.196045	5	0.004878	0
540.196045	6	0.005854	0
540.196045	7	0.006829	0
540.196045	8	0.007805	0
540.196045	9	0.008780	0
540.196045	10	0.009756	0
540.196045	1025	1.000000	3
550.196289	1	0.000976	0
550.196289	2	0.001951	0
550.196289	3	0.002927	0
550.196289	4	0.003902	0
550.196289	5	0.004878	0
550.196289	6	0.005854	0
550.196289	7	0.006829	0
550.196289	8	0.007805	0
550.196289	9	0.008780	0
550.196289	10	0.009756	0
550.196289	1025	1.000000	3
560.197083	1	0.000976	0
560.197083	2	0.001951	0
560.197083	3	0.002927	0
560.197083	4	0.003902	0
560.197083	5	0.004878	0
560.197083	6	0.005854	0
560.197083	7	0.006829	0
560.197083	8	0.007805	0
560.197083	9	0.008780	0
560.197083	10	0.009756	0
560.197083	1025	1.000000	3
570.197571	1	0.000976	0
570.197571	2	0.001951	0
570.197571	3	0.002927	0
570.197571	4	0.003902	0
570.197571	5	0.004878	0
570.197571	6	0.005854	0
570.197571	7	0.006829	0
570.197571	8	0.007805	0
570.197571	9	0.008780	0
570.197571	10	0.009756	0
570.197571	1025	1.000000	3
580.197815	1	0.000976	0
580.197815	2	0.001951	0
580.197815	3	0.002927	0
580.197815	4	0.003902	0
580.197815	5	0.004878	0
580.197815	6	0.005854	0
580.197815	7	0.006829	0
580.197815	8	0.007805	0
580.197815	9	0.008780	0
580.197815	10	0.009756	0
580.197815	1025	1.000000	3
590.198242	1	0.000976	0
590.198242	2	0.001951	0
590.198242	3	0.002927	0
590.198242	4	0.003902	0
590.198242	5	0.004878	0
590.198242	6	0.005854	0
590.198242	7	0.006829	0
590.198242	8	0.007805	0
590.198242	9	0.008780	0
590.198242	10	0.009756	0
590.198242	1025	1.000000	3
600.198730	1	0.000976	0
600.198730	2	0.001951	0
600.198730	3	0.002927	0
600.198730	4	0.003902	0
600.198730	5	0.004878	0
600.198730	6	0.005854	0
600.198730	7	0.006829	0
600.198730	8	0.007805	0
600.198730	9	0.008780	0
600.198730	10	0.009756	0
600.198730	1025	1.000000	3
610.198975	1	0.000976	0
610.198975	2	0.001951	0
610.198975	3	0.002927	0
610.198975	4	0.003902	0
610.198975	5	0.004878	0
610.198975	6	0.005854	0
610.198975	7	0.006829	0
610.198975	8	0.007805	0
610.198975	9	0.008780	0
610.198975	10	0.009756	0
610.198975	1025	1.000000	3
620.199341	1	0.000975	0
620.199341	2	0.001949	0
620.199341	3	0.002924	0
620.199341	4	0.003899	0
620.199341	5	0.004873	0
620.199341	6	0.005848	0
620.199341	7	0.006823	0
620.199341	8	0.007797	0
620.199341	9	0.008772	0
620.199341	10	0.009747	0
620.199341	1026	1.000000	3
630.199585	1	0.000976	0
630.199585	2	0.001951	0
630.199585	3	0.002927	0
630.199585	4	0.003902	0
630.199585	5	0.004878	0
630.199585	6	0.005854	0
630.199585	7	0.006829	0
630.199585	8	0.007805	0
630.199585	9	0.008780	0
630.199585	10	0.009756	0
630.199585	1025	1.000000	3
640.200256	1	0.000976	0
640.200256	2	0.001951	0
640.200256	3	0.002927	0
640.200256	4	0.003902	0
640.200256	5	0.004878	0
640.200256	6	0.005854	0
640.200256	7	0.006829	0
640.200256	8	0.007805	0
640.200256	9	0.008780	0
640.200256	10	0.009756	0
640.200256	1025	1.000000	3
650.200806	1	0.000976	0
650.200806	2	0.001951	0
650.200806	3	0.002927	0
650.200806	4	0.003902	0
650.200806	5	0.004878	0
650.200806	6	0.005854	0
650.200806	7	0.006829	0
650.200806	8	0.007805	0
650.200806	9	0.008780	0
650.200806	10	0.009756	0
650.200806	1025	1.000000	3
660.201294	1	0.000976	0
660.201294	2	0.001951	0
660.201294	3	0.002927	0
660.201294	4	0.003902	0
660.201294	5	0.004878	0
660.201294	6	0.005854	0
660.201294	7	0.006829	0
660.201294	8	0.007805	0
660.201294	9	0.008780	0
660.201294	10	0.009756	0
660.201294	1025	1.000000	3
670.201782	1	0.000976	0
670.201782	2	0.001951	0
670.201782	3	0.002927	0
670.201782	4	0.003902	0
670.201782	5	0.004878	0
670.201782	6	0.005854	0
670.201782	7	0.006829	0
670.201782	8	0.007805	0
670.201782	9	0.008780	0
670.201782	10	0.009756	0
670.201782	1025	1.000000	3
680.202026	1	0.000976	0
680.202026	2	0.001951	0
680.202026	3	0.002927	0
680.202026	4	0.003902	0
680.202026	5	0.004878	0
680.202026	6	0.005854	0
680.202026	7	0.006829	0
680.202026	8	0.007805	0
680.202026	9	0.008780	0
680.202026	10	0.009756	0
680.202026	1025	1.000000	3
690.202637	1	0.000976	0
690.202637	2	0.001951	0
690.202637	3	0.002927	0
690.202637	4	0.003902	0
690.202637	5	0.004878	0
690.202637	6	0.005854	0
690.202637	7	0.006829	0
690.202637	8	0.007805	0
690.202637	9	0.008780	0
690.202637	10	0.009756	0
690.202637	1025	1.000000	3
700.203308	1	0.000976	1
700.203308	2	0.001951	0
700.203308	3	0.002927	0
700.203308	4	0.003902	0
700.203308	5	0.004878	0
700.203308	6	0.005854	0
700.203308	7	0.006829	0
700.203308	8	0.007805	0
700.203308	9	0.008780	0
700.203308	10	0.009756	0
700.203308	1025	1.000000	3
710.203796	1	0.000976	1
710.203796	2	0.001951	0
710.203796	3	0.002927	0
710.203796	4	0.003902	0
710.203796	5	0.004878	0
710.203796	6	0.005854	0
710.203796	7	0.006829	0
710.203796	8	0.007805	0
710.203796	9	0.008780	0
710.203796	10	0.009756	0
710.203796	1025	1.000000	3
720.204102	1	0.000976	0
720.204102	2	0.001951	0
720.204102	3	0.002927	0
720.204102	4	0.003902	0
720.204102	5	0.004878	0
720.204102	6	0.005854	0
720.204102	7	0.006829	0
720.204102	8	0.007805	0
720.204102	9	0.008780	0
720.204102	10	0.009756	0
720.204102	1025	1.000000	3
730.204468	1	0.000976	0
730.204468	2	0.001951	0
730.204468	3	0.002927	0
730.204468	4	0.003902	0
730.204468	5	0.004878	0
730.204468	6	0.005854	0
730.204468	7	0.006829	0
730.204468	8	0.007805	0
730.204468	9	0.008780	0
730.204468	10	0.009756	0
730.204468	1025	1.000000	3
740.204834	1	0.000976	0
740.204834	2	0.001951	0
740.204834	3	0.002927	0
740.204834	4	0.003902	0
740.204834	5	0.004878	0
740.204834	6	0.005854	0
740.204834	7	0.006829	0
740.204834	8	0.007805	0
740.204834	9	0.008780	0
740.204834	10	0.009756	0
740.204834	1025	1.000000	3
750.205139	1	0.000977	0
750.205139	2	0.001953	0
750.205139	3	0.002930	0
750.205139	4	0.003906	0
750.205139	5	0.004883	0
750.205139	6	0.005859	0
750.205139	7	0.006836	0
750.205139	8	0.007812	0
750.205139	9	0.008789	0
750.205139	10	0.009766	0
750.205139	1024	1.000000	3
760.206055	1	0.000976	0
760.206055	2	0.001951	0
760.206055	3	0.002927	0
760.206055	4	0.003902	0
760.206055	5	0.004878	1
760.206055	6	0.005854	0
760.206055	7	0.006829	0
760.206055	8	0.007805	0
760.206055	9	0.008780	0
760.206055	10	0.009756	0
760.206055	1025	1.000000	3
770.206360	1	0.000976	1
770.206360	2	0.001951	0
770.206360	3	0.002927	0
770.206360	4	0.003902	0
770.206360	5	0.004878	0
770.206360	6	0.005854	0
770.206360	7	0.006829	0
770.206360	8	0.007805	0
770.206360	9	0.008780	0
770.206360	10	0.009756	0
770.206360	1025	1.000000	3
780.207031	1	0.000976	1
780.207031	2	0.001951	0
780.207031	3	0.002927	0
780.207031	4	0.003902	0
780.207031	5	0.004878	0
780.207031	6	0.005854	0
780.207031	7	0.006829	0
780.207031	8	0.007805	0
780.207031	9	0.008780	0
780.207031	10	0.009756	0
780.207031	1025	1.000000	3
790.207825	1	0.000976	0
790.207825	2	0.001951	0
790.207825	3	0.002927	0
790.207825	4	0.003902	0
790.207825	5	0.004878	0
790.207825	6	0.005854	0
790.207825	7	0.006829	0
790.207825	8	0.007805	0
790.207825	9	0.008780	0
790.207825	10	0.009756	0
790.207825	1025	1.000000	3
800.208313	1	0.000976	0
800.208313	2	0.001951	0
800.208313	3	0.002927	0
800.208313	4	0.003902	0
800.208313	5	0.004878	0
800.208313	6	0.005854	0
800.208313	7	0.006829	0
800.208313	8	0.007805	0
800.208313	9	0.008780	0
800.208313	10	0.009756	0
800.208313	1025	1.000000	3
810.209229	1	0.000975	0
810.209229	2	0.001949	0
810.209229	3	0.002924	0
810.209229	4	0.003899	0
810.209229	5	0.004873	0
810.209229	6	0.005848	0
810.209229	7	0.006823	0
810.209229	8	0.007797	0
810.209229	9	0.008772	0
810.209229	10	0.009747	0
810.209229	1026	1.000000	3
820.209534	1	0.000976	0
820.209534	2	0.001951	0
820.209534	3	0.002927	0
820.209534	4	0.003902	0
820.209534	5	0.004878	0
820.209534	6	0.005854	0
820.209534	7	0.006829	0
820.209534	8	0.007805	0
820.209534	9	0.008780	0
820.209534	10	0.009756	0
820.209534	1025	1.000000	3
830.209778	1	0.000976	0
830.209778	2	0.001951	0
830.209778	3	0.002927	0
830.209778	4	0.003902	0
830.209778	5	0.004878	0
830.209778	6	0.005854	0
830.209778	7	0.006829	0
830.209778	8	0.007805	0
830.209778	9	0.008780	0
830.209778	10	0.009756	0
830.209778	1025	1.000000	3
840.210205	1	0.000976	0
840.210205	2	0.001951	0
840.210205	3	0.002927	0
840.210205	4	0.003902	0
840.210205	5	0.004878	0
840.210205	6	0.005854	0
840.210205	7	0.006829	0
840.210205	8	0.007805	0
840.210205	9	0.008780	0
840.210205	10	0.009756	0
840.210205	1025	1.000000	3
850.210510	1	0.000976	1
850.210510	2	0.001951	0
850.210510	3	0.002927	0
850.210510	4	0.003902	0
850.210510	5	0.004878	0
850.210510	6	0.005854	0
850.210510	7	0.006829	0
850.210510	8	0.007805	0
850.210510	9	0.008780	0
850.210510	10	0.009756	0
850.210510	1025	1.000000	3
860.211060	1	0.000977	0
860.211060	2	0.001953	0
860.211060	3	0.002930	0
860.211060	4	0.003906	0
860.211060	5	0.004883	0
860.211060	6	0.005859	0
860.211060	7	0.006836	0
860.211060	8	0.007812	0
860.211060	9	0.008789	0
860.211060	10	0.009766	0
860.211060	1024	1.000000	3
870.211487	1	0.000976	0
870.211487	2	0.001951	0
870.211487	3	0.002927	0
870.211487	4	0.003902	0
870.211487	5	0.004878	0
870.211487	6	0.005854	0
870.211487	7	0.006829	0
870.211487	8	0.007805	0
870.211487	9	0.008780	0
870.211487	10	0.009756	0
870.211487	1025	1.000000	3
880.211975	1	0.000977	0
880.211975	2	0.001953	0
880.211975	3	0.002930	0
880.211975	4	0.003906	0
880.211975	5	0.004883	0
880.211975	6	0.005859	0
880.211975	7	0.006836	0
880.211975	8	0.007812	0
880.211975	9	0.008789	0
880.211975	10	0.009766	0
880.211975	1024	1.000000	3
890.212585	1	0.000976	0
890.212585	2	0.001951	0
890.212585	3	0.002927	0
890.212585	4	0.003902	0
890.212585	5	0.004878	0
890.212585	6	0.005854	0
890.212585	7	0.006829	0
890.212585	8	0.007805	0
890.212585	9	0.008780	0
890.212585	10	0.009756	0
890.212585	1025	1.000000	3
900.213135	1	0.000976	1
900.213135	2	0.001951	0
900.213135	3	0.002927	0
900.213135	4	0.003902	0
900.213135	5	0.004878	0
900.213135	6	0.005854	0
900.213135	7	0.006829	0
900.213135	8	0.007805	0
900.213135	9	0.008780	0
900.213135	10	0.009756	0
900.213135	1025	1.000000	3
910.213745	1	0.000976	0
910.213745	2	0.001951	0
910.213745	3	0.002927	0
910.213745	4	0.003902	0
910.213745	5	0.004878	0
910.213745	6	0.005854	0
910.213745	7	0.006829	0
910.213745	8	0.007805	0
910.213745	9	0.008780	0
910.213745	10	0.009756	0
910.213745	1025	1.000000	3
920.214233	1	0.000976	0
920.214233	2	0.001951	0
920.214233	3	0.002927	0
920.214233	4	0.003902	0
920.214233	5	0.004878	0
920.214233	6	0.005854	0
920.214233	7	0.006829	0
920.214233	8	0.007805	0
920.214233	9	0.008780	0
920.214233	10	0.009756	0
920.214233	1025	1.000000	3
930.214600	1	0.000976	0
930.214600	2	0.001951	0
930.214600	3	0.002927	0
930.214600	4	0.003902	0
930.214600	5	0.004878	0
930.214600	6	0.005854	0
930.214600	7	0.006829	0
930.214600	8	0.007805	0
930.214600	9	0.008780	0
930.214600	10	0.009756	0
930.214600	1025	1.000000	3
940.215027	1	0.000976	0
940.215027	2	0.001951	0
940.215027	3	0.002927	0
940.215027	4	0.003902	0
940.215027	5	0.004878	0
940.215027	6	0.005854	0
940.215027	7	0.006829	0
940.215027	8	0.007805	0
940.215027	9	0.008780	0
940.215027	10	0.009756	0
940.215027	1025	1.000000	3
950.215454	1	0.000976	0
950.215454	2	0.001951	0
950.215454	3	0.002927	0
950.215454	4	0.003902	0
950.215454	5	0.004878	0
950.215454	6	0.005854	0
950.215454	7	0.006829	0
950.215454	8	0.007805	0
950.215454	9	0.008780	0
950.215454	10	0.009756	0
950.215454	1025	1.000000	3
960.215881	1	0.000976	0
960.215881	2	0.001951	0
960.215881	3	0.002927	0
960.215881	4	0.003902	0
960.215881	5	0.004878	0
960.215881	6	0.005854	0
960.215881	7	0.006829	0
960.215881	8	0.007805	0
960.215881	9	0.008780	0
960.215881	10	0.009756	0
960.215881	1025	1.000000	3
970.216064	1	0.000976	0
970.216064	2	0.001951	0
970.216064	3	0.002927	0
970.216064	4	0.003902	0
970.216064	5	0.004878	0
970.216064	6	0.005854	0
970.216064	7	0.006829	0
970.216064	8	0.007805	0
970.216064	9	0.008780	0
970.216064	10	0.009756	0
970.216064	1025	1.000000	3
980.216614	1	0.000976	0
980.216614	2	0.001951	0
980.216614	3	0.002927	0
980.216614	4	0.003902	0
980.216614	5	0.004878	0
980.216614	6	0.005854	0
980.216614	7	0.006829	0
980.216614	8	0.007805	0
980.216614	9	0.008780	0
980.216614	10	0.009756	0
980.216614	1025	1.000000	3
990.216980	1	0.000976	0
990.216980	2	0.001951	0
990.216980	3	0.002927	0
990.216980	4	0.003902	0
990.216980	5	0.004878	0
990.216980	6	0.005854	0
990.216980	7	0.006829	0
990.216980	8	0.007805	0
990.216980	9	0.008780	0
990.216980	10	0.009756	0
990.216980	1025	1.000000	3
1000.000000	1	0.000976	0
1000.000000	2	0.001951	0
1000.000000	3	0.002927	0
1000.000000	4	0.003902	0
1000.000000	5	0.004878	0
1000.000000	6	0.005854	0
1000.000000	7	0.006829	0
1000.000000	8	0.007805	0
1000.000000	9	0.008780	0
1000.000000	10	0.009756	0
1000.000000	1025	1.000000	3
