Generation	Size	Frequency	Count
0.000000	1	1.000000	1
0.000000	2	2.000000	0
0.000000	3	3.000000	0
0.000000	4	4.000000	0
0.000000	5	5.000000	0
0.000000	6	6.000000	0
0.000000	7	7.000000	0
0.000000	8	8.000000	0
0.000000	9	9.000000	0
0.000000	10	10.000000	0
10.166478	1	0.001036	52
10.166478	2	0.002073	28
10.166478	3	0.003109	8
10.166478	4	0.004145	8
10.166478	5	0.005181	3
10.166478	6	0.006218	6
10.166478	7	0.007254	4
10.166478	8	0.008290	2
10.166478	9	0.009326	1
10.166478	10	0.010363	0
10.166478	584	0.605181	1
10.166478	68	0.070466	1
10.166478	19	0.019689	1
10.166478	26	0.026943	1
20.169292	1	0.000976	85
20.169292	2	0.001951	37
20.169292	3	0.002927	18
20.169292	4	0.003902	10
20.169292	5	0.004878	14
20.169292	6	0.005854	7
20.169292	7	0.006829	5
20.169292	8	0.007805	6
20.169292	9	0.008780	9
20.169292	10	0.009756	1
20.169292	13	0.012683	2
20.169292	17	0.016585	2
20.169292	16	0.015610	3
20.169292	15	0.014634	6
20.169292	24	0.023415	1
20.169292	36	0.035122	1
20.169292	14	0.013659	1
20.169292	11	0.010732	4
20.169292	12	0.011707	3
20.169292	28	0.027317	1
20.169292	27	0.026341	1
20.169292	18	0.017561	1
20.169292	20	0.019512	1
20.169292	19	0.018537	1
20.169292	22	0.021463	1
30.169653	1	0.000976	80
30.169653	2	0.001951	38
30.169653	3	0.002927	20
30.169653	4	0.003902	18
30.169653	5	0.004878	13
30.169653	6	0.005854	13
30.169653	7	0.006829	10
30.169653	8	0.007805	5
30.169653	9	0.008780	7
30.169653	10	0.009756	7
30.169653	33	0.032195	2
30.169653	23	0.022439	1
30.169653	15	0.014634	2
30.169653	25	0.024390	1
30.169653	21	0.020488	2
30.169653	13	0.012683	3
30.169653	16	0.015610	1
30.169653	22	0.021463	1
30.169653	11	0.010732	3
30.169653	26	0.025366	1
30.169653	17	0.016585	1
30.169653	12	0.011707	1
40.170147	1	0.000977	83
40.170147	2	0.001953	47
40.170147	3	0.002930	17
40.170147	4	0.003906	11
40.170147	5	0.004883	16
40.170147	6	0.005859	8
40.170147	7	0.006836	6
40.170147	8	0.007812	6
40.170147	9	0.008789	3
40.170147	10	0.009766	5
40.170147	12	0.011719	4
40.170147	35	0.034180	1
40.170147	28	0.027344	1
40.170147	20	0.019531	2
40.170147	11	0.010742	6
40.170147	27	0.026367	1
40.170147	23	0.022461	1
40.170147	19	0.018555	3
40.170147	29	0.028320	1
40.170147	13	0.012695	3
40.170147	14	0.013672	2
40.170147	15	0.014648	1
40.170147	22	0.021484	1
50.170452	1	0.000976	98
50.170452	2	0.001951	37
50.170452	3	0.002927	24
50.170452	4	0.003902	14
50.170452	5	0.004878	12
50.170452	6	0.005854	10
50.170452	7	0.006829	7
50.170452	8	0.007805	6
50.170452	9	0.008780	6
50.170452	10	0.009756	3
50.170452	28	0.027317	1
50.170452	32	0.031220	1
50.170452	40	0.039024	1
50.170452	19	0.018537	1
50.170452	22	0.021463	1
50.170452	49	0.047805	1
50.170452	55	0.053659	1
50.170452	13	0.012683	3
50.170452	15	0.014634	2
50.170452	17	0.016585	1
50.170452	23	0.022439	2
50.170452	36	0.035122	1
50.170452	11	0.010732	1
60.171165	1	0.000976	86
60.171165	2	0.001951	25
60.171165	3	0.002927	14
60.171165	4	0.003902	16
60.171165	5	0.004878	14
60.171165	6	0.005854	9
60.171165	7	0.006829	8
60.171165	8	0.007805	3
60.171165	9	0.008780	4
60.171165	10	0.009756	7
60.171165	11	0.010732	4
60.171165	56	0.054634	1
60.171165	20	0.019512	1
60.171165	15	0.014634	1
60.171165	19	0.018537	1
60.171165	13	0.012683	3
60.171165	14	0.013659	3
60.171165	22	0.021463	3
60.171165	12	0.011707	2
60.171165	23	0.022439	1
60.171165	26	0.025366	1
60.171165	18	0.017561	2
60.171165	16	0.015610	1
60.171165	17	0.016585	1
60.171165	30	0.029268	1
70.171776	1	0.000976	84
70.171776	2	0.001951	32
70.171776	3	0.002927	23
70.171776	4	0.003902	20
70.171776	5	0.004878	11
70.171776	6	0.005854	4
70.171776	7	0.006829	8
70.171776	8	0.007805	5
70.171776	9	0.008780	4
70.171776	10	0.009756	3
70.171776	13	0.012683	2
70.171776	12	0.011707	3
70.171776	24	0.023415	2
70.171776	15	0.014634	3
70.171776	23	0.022439	2
70.171776	22	0.021463	1
70.171776	16	0.015610	3
70.171776	20	0.019512	1
70.171776	11	0.010732	3
70.171776	39	0.038049	1
70.171776	18	0.017561	1
70.171776	17	0.016585	2
70.171776	38	0.037073	1
70.171776	34	0.033171	1
80.172142	1	0.000976	85
80.172142	2	0.001951	46
80.172142	3	0.002927	22
80.172142	4	0.003902	17
80.172142	5	0.004878	10
80.172142	6	0.005854	7
80.172142	7	0.006829	6
80.172142	8	0.007805	6
80.172142	9	0.008780	0
80.172142	10	0.009756	2
80.172142	56	0.054634	1
80.172142	14	0.013659	3
80.172142	82	0.080000	1
80.172142	16	0.015610	3
80.172142	24	0.023415	2
80.172142	11	0.010732	3
80.172142	18	0.017561	1
80.172142	13	0.012683	3
80.172142	12	0.011707	3
80.172142	15	0.014634	3
80.172142	22	0.021463	1
80.172142	26	0.025366	1
80.172142	17	0.016585	1
90.172424	1	0.000976	70
90.172424	2	0.001951	37
90.172424	3	0.002927	22
90.172424	4	0.003902	19
90.172424	5	0.004878	9
90.172424	6	0.005854	10
90.172424	7	0.006829	5
90.172424	8	0.007805	3
90.172424	9	0.008780	9
90.172424	10	0.009756	1
90.172424	12	0.011707	6
90.172424	48	0.046829	1
90.172424	19	0.018537	1
90.172424	50	0.048780	1
90.172424	14	0.013659	5
90.172424	11	0.010732	3
90.172424	13	0.012683	3
90.172424	43	0.041951	1
90.172424	21	0.020488	1
90.172424	20	0.019512	1
90.172424	16	0.015610	1
90.172424	29	0.028293	1
90.172424	24	0.023415	1
100.172653	1	0.000976	82
100.172653	2	0.001951	32
100.172653	3	0.002927	29
100.172653	4	0.003902	25
100.172653	5	0.004878	21
100.172653	6	0.005854	7
100.172653	7	0.006829	11
100.172653	8	0.007805	8
100.172653	9	0.008780	3
100.172653	10	0.009756	4
100.172653	35	0.034146	1
100.172653	12	0.011707	4
100.172653	14	0.013659	1
100.172653	37	0.036098	1
100.172653	16	0.015610	2
100.172653	13	0.012683	2
100.172653	29	0.028293	1
100.172653	22	0.021463	1
100.172653	18	0.017561	2
100.172653	15	0.014634	2
100.172653	11	0.010732	1
100.172653	17	0.016585	1
110.173058	1	0.000976	74
110.173058	2	0.001951	39
110.173058	3	0.002927	23
110.173058	4	0.003902	19
110.173058	5	0.004878	11
110.173058	6	0.005854	7
110.173058	7	0.006829	7
110.173058	8	0.007805	2
110.173058	9	0.008780	4
110.173058	10	0.009756	5
110.173058	17	0.016585	2
110.173058	22	0.021463	1
110.173058	35	0.034146	1
110.173058	12	0.011707	3
110.173058	24	0.023415	1
110.173058	19	0.018537	2
110.173058	14	0.013659	2
110.173058	15	0.014634	4
110.173058	11	0.010732	4
110.173058	31	0.030244	1
110.173058	16	0.015610	1
110.173058	28	0.027317	1
110.173058	25	0.024390	1
110.173058	18	0.017561	2
110.173058	23	0.022439	1
120.173584	1	0.000976	78
120.173584	2	0.001951	43
120.173584	3	0.002927	23
120.173584	4	0.003902	17
120.173584	5	0.004878	9
120.173584	6	0.005854	5
120.173584	7	0.006829	13
120.173584	8	0.007805	3
120.173584	9	0.008780	7
120.173584	10	0.009756	5
120.173584	53	0.051707	1
120.173584	22	0.021463	1
120.173584	31	0.030244	2
120.173584	13	0.012683	3
120.173584	28	0.027317	1
120.173584	20	0.019512	1
120.173584	35	0.034146	2
120.173584	33	0.032195	1
120.173584	18	0.017561	1
120.173584	16	0.015610	2
120.173584	15	0.014634	2
120.173584	14	0.013659	1
130.174362	1	0.000976	78
130.174362	2	0.001951	42
130.174362	3	0.002927	27
130.174362	4	0.003902	17
130.174362	5	0.004878	7
130.174362	6	0.005854	10
130.174362	7	0.006829	6
130.174362	8	0.007805	7
130.174362	9	0.008780	5
130.174362	10	0.009756	3
130.174362	13	0.012683	4
130.174362	14	0.013659	3
130.174362	18	0.017561	1
130.174362	32	0.031220	1
130.174362	23	0.022439	2
130.174362	16	0.015610	4
130.174362	11	0.010732	5
130.174362	20	0.019512	1
130.174362	15	0.014634	1
130.174362	33	0.032195	2
130.174362	12	0.011707	3
140.174942	1	0.000976	91
140.174942	2	0.001951	42
140.174942	3	0.002927	24
140.174942	4	0.003902	17
140.174942	5	0.004878	13
140.174942	6	0.005854	6
140.174942	7	0.006829	4
140.174942	8	0.007805	8
140.174942	9	0.008780	4
140.174942	10	0.009756	3
140.174942	12	0.011707	4
140.174942	22	0.021463	2
140.174942	14	0.013659	1
140.174942	11	0.010732	5
140.174942	28	0.027317	1
140.174942	18	0.017561	2
140.174942	13	0.012683	2
140.174942	24	0.023415	1
140.174942	38	0.037073	1
140.174942	20	0.019512	1
140.174942	16	0.015610	1
140.174942	26	0.025366	1
140.174942	17	0.016585	1
140.174942	15	0.014634	1
140.174942	25	0.024390	1
140.174942	19	0.018537	1
150.175323	1	0.000976	85
150.175323	2	0.001951	39
150.175323	3	0.002927	35
150.175323	4	0.003902	23
150.175323	5	0.004878	5
150.175323	6	0.005854	9
150.175323	7	0.006829	4
150.175323	8	0.007805	6
150.175323	9	0.008780	5
150.175323	10	0.009756	4
150.175323	18	0.017561	3
150.175323	14	0.013659	2
150.175323	16	0.015610	1
150.175323	17	0.016585	1
150.175323	12	0.011707	5
150.175323	29	0.028293	2
150.175323	33	0.032195	1
150.175323	21	0.020488	1
150.175323	25	0.024390	1
150.175323	13	0.012683	1
150.175323	31	0.030244	1
150.175323	11	0.010732	3
150.175323	36	0.035122	1
160.175888	1	0.000976	80
160.175888	2	0.001951	31
160.175888	3	0.002927	22
160.175888	4	0.003902	20
160.175888	5	0.004878	12
160.175888	6	0.005854	12
160.175888	7	0.006829	6
160.175888	8	0.007805	9
160.175888	9	0.008780	2
160.175888	10	0.009756	3
160.175888	17	0.016585	1
160.175888	27	0.026341	1
160.175888	13	0.012683	3
160.175888	29	0.028293	1
160.175888	20	0.019512	1
160.175888	33	0.032195	1
160.175888	16	0.015610	1
160.175888	11	0.010732	4
160.175888	71	0.069268	1
160.175888	15	0.014634	3
160.175888	39	0.038049	1
160.175888	12	0.011707	1
160.175888	30	0.029268	1
160.175888	21	0.020488	1
170.176193	1	0.000976	92
170.176193	2	0.001951	40
170.176193	3	0.002927	21
170.176193	4	0.003902	23
170.176193	5	0.004878	17
170.176193	6	0.005854	6
170.176193	7	0.006829	13
170.176193	8	0.007805	6
170.176193	9	0.008780	5
170.176193	10	0.009756	3
170.176193	26	0.025366	1
170.176193	24	0.023415	2
170.176193	12	0.011707	3
170.176193	11	0.010732	5
170.176193	14	0.013659	1
170.176193	28	0.027317	1
170.176193	13	0.012683	2
170.176193	20	0.019512	1
170.176193	22	0.021463	1
170.176193	17	0.016585	2
170.176193	15	0.014634	1
170.176193	23	0.022439	1
170.176193	16	0.015610	1
180.176620	1	0.000977	74
180.176620	2	0.001953	41
180.176620	3	0.002930	37
180.176620	4	0.003906	22
180.176620	5	0.004883	13
180.176620	6	0.005859	15
180.176620	7	0.006836	3
180.176620	8	0.007812	6
180.176620	9	0.008789	2
180.176620	10	0.009766	3
180.176620	13	0.012695	6
180.176620	18	0.017578	1
180.176620	14	0.013672	1
180.176620	20	0.019531	3
180.176620	19	0.018555	1
180.176620	22	0.021484	1
180.176620	16	0.015625	1
180.176620	12	0.011719	3
180.176620	17	0.016602	2
180.176620	25	0.024414	1
180.176620	21	0.020508	2
180.176620	11	0.010742	3
190.177475	1	0.000976	87
190.177475	2	0.001951	37
190.177475	3	0.002927	17
190.177475	4	0.003902	19
190.177475	5	0.004878	11
190.177475	6	0.005854	14
190.177475	7	0.006829	5
190.177475	8	0.007805	4
190.177475	9	0.008780	7
190.177475	10	0.009756	3
190.177475	15	0.014634	3
190.177475	31	0.030244	1
190.177475	11	0.010732	5
190.177475	23	0.022439	1
190.177475	12	0.011707	5
190.177475	37	0.036098	1
190.177475	17	0.016585	2
190.177475	14	0.013659	1
190.177475	13	0.012683	2
190.177475	19	0.018537	3
190.177475	24	0.023415	1
190.177475	16	0.015610	2
200.178177	1	0.000976	93
200.178177	2	0.001951	41
200.178177	3	0.002927	21
200.178177	4	0.003902	15
200.178177	5	0.004878	13
200.178177	6	0.005854	13
200.178177	7	0.006829	6
200.178177	8	0.007805	5
200.178177	9	0.008780	6
200.178177	10	0.009756	6
200.178177	62	0.060488	1
200.178177	12	0.011707	8
200.178177	11	0.010732	3
200.178177	13	0.012683	4
200.178177	14	0.013659	2
200.178177	21	0.020488	2
200.178177	20	0.019512	2
200.178177	18	0.017561	1
200.178177	17	0.016585	1
210.178635	1	0.000976	69
210.178635	2	0.001951	38
210.178635	3	0.002927	30
210.178635	4	0.003902	11
210.178635	5	0.004878	13
210.178635	6	0.005854	8
210.178635	7	0.006829	9
210.178635	8	0.007805	5
210.178635	9	0.008780	7
210.178635	10	0.009756	5
210.178635	27	0.026341	1
210.178635	16	0.015610	3
210.178635	11	0.010732	3
210.178635	26	0.025366	2
210.178635	22	0.021463	2
210.178635	12	0.011707	1
210.178635	21	0.020488	4
210.178635	13	0.012683	1
210.178635	23	0.022439	1
210.178635	24	0.023415	2
210.178635	19	0.018537	1
210.178635	14	0.013659	1
220.179474	1	0.000976	74
220.179474	2	0.001951	37
220.179474	3	0.002927	16
220.179474	4	0.003902	13
220.179474	5	0.004878	15
220.179474	6	0.005854	9
220.179474	7	0.006829	11
220.179474	8	0.007805	6
220.179474	9	0.008780	7
220.179474	10	0.009756	4
220.179474	39	0.038049	1
220.179474	11	0.010732	3
220.179474	36	0.035122	1
220.179474	13	0.012683	4
220.179474	24	0.023415	1
220.179474	15	0.014634	2
220.179474	16	0.015610	3
220.179474	20	0.019512	1
220.179474	27	0.026341	1
220.179474	12	0.011707	3
220.179474	14	0.013659	1
220.179474	42	0.040976	1
220.179474	19	0.018537	1
230.180405	1	0.000976	86
230.180405	2	0.001951	47
230.180405	3	0.002927	25
230.180405	4	0.003902	18
230.180405	5	0.004878	6
230.180405	6	0.005854	8
230.180405	7	0.006829	7
230.180405	8	0.007805	4
230.180405	9	0.008780	6
230.180405	10	0.009756	4
230.180405	16	0.015610	1
230.180405	13	0.012683	3
230.180405	40	0.039024	1
230.180405	14	0.013659	4
230.180405	21	0.020488	1
230.180405	11	0.010732	2
230.180405	22	0.021463	2
230.180405	17	0.016585	3
230.180405	36	0.035122	1
230.180405	41	0.040000	1
230.180405	15	0.014634	1
230.180405	12	0.011707	3
230.180405	28	0.027317	1
240.180786	1	0.000976	86
240.180786	2	0.001951	30
240.180786	3	0.002927	30
240.180786	4	0.003902	14
240.180786	5	0.004878	8
240.180786	6	0.005854	12
240.180786	7	0.006829	9
240.180786	8	0.007805	4
240.180786	9	0.008780	7
240.180786	10	0.009756	5
240.180786	12	0.011707	3
240.180786	35	0.034146	1
240.180786	14	0.013659	1
240.180786	16	0.015610	2
240.180786	13	0.012683	1
240.180786	15	0.014634	2
240.180786	24	0.023415	1
240.180786	20	0.019512	2
240.180786	11	0.010732	7
240.180786	19	0.018537	1
240.180786	17	0.016585	1
240.180786	18	0.017561	2
240.180786	40	0.039024	1
250.181259	1	0.000976	80
250.181259	2	0.001951	34
250.181259	3	0.002927	23
250.181259	4	0.003902	14
250.181259	5	0.004878	11
250.181259	6	0.005854	8
250.181259	7	0.006829	4
250.181259	8	0.007805	8
250.181259	9	0.008780	5
250.181259	10	0.009756	4
250.181259	29	0.028293	1
250.181259	43	0.041951	1
250.181259	14	0.013659	2
250.181259	21	0.020488	2
250.181259	15	0.014634	3
250.181259	12	0.011707	3
250.181259	31	0.030244	1
250.181259	28	0.027317	1
250.181259	19	0.018537	1
250.181259	18	0.017561	2
250.181259	22	0.021463	1
250.181259	13	0.012683	3
250.181259	23	0.022439	1
250.181259	34	0.033171	1
250.181259	17	0.016585	1
260.181671	1	0.000977	77
260.181671	2	0.001953	45
260.181671	3	0.002930	23
260.181671	4	0.003906	15
260.181671	5	0.004883	10
260.181671	6	0.005859	11
260.181671	7	0.006836	5
260.181671	8	0.007812	2
260.181671	9	0.008789	7
260.181671	10	0.009766	5
260.181671	22	0.021484	2
260.181671	11	0.010742	6
260.181671	12	0.011719	1
260.181671	23	0.022461	1
260.181671	21	0.020508	1
260.181671	13	0.012695	7
260.181671	27	0.026367	1
260.181671	48	0.046875	1
260.181671	19	0.018555	2
260.181671	17	0.016602	2
260.181671	16	0.015625	1
260.181671	28	0.027344	1
270.182373	1	0.000976	73
270.182373	2	0.001951	39
270.182373	3	0.002927	20
270.182373	4	0.003902	19
270.182373	5	0.004878	13
270.182373	6	0.005854	5
270.182373	7	0.006829	7
270.182373	8	0.007805	7
270.182373	9	0.008780	5
270.182373	10	0.009756	4
270.182373	20	0.019512	3
270.182373	16	0.015610	3
270.182373	32	0.031220	2
270.182373	14	0.013659	1
270.182373	22	0.021463	2
270.182373	15	0.014634	2
270.182373	13	0.012683	1
270.182373	18	0.017561	1
270.182373	23	0.022439	1
270.182373	26	0.025366	1
270.182373	11	0.010732	2
270.182373	12	0.011707	3
270.182373	28	0.027317	1
270.182373	27	0.026341	1
280.182648	1	0.000976	97
280.182648	2	0.001951	41
280.182648	3	0.002927	19
280.182648	4	0.003902	16
280.182648	5	0.004878	14
280.182648	6	0.005854	10
280.182648	7	0.006829	7
280.182648	8	0.007805	2
280.182648	9	0.008780	4
280.182648	10	0.009756	3
280.182648	16	0.015610	1
280.182648	49	0.047805	1
280.182648	18	0.017561	1
280.182648	23	0.022439	1
280.182648	48	0.046829	1
280.182648	14	0.013659	5
280.182648	39	0.038049	1
280.182648	29	0.028293	1
280.182648	17	0.016585	1
280.182648	12	0.011707	3
280.182648	19	0.018537	2
280.182648	15	0.014634	1
280.182648	13	0.012683	1
280.182648	20	0.019512	1
280.182648	22	0.021463	1
280.182648	11	0.010732	1
290.183228	1	0.000975	81
290.183228	2	0.001949	44
290.183228	3	0.002924	19
290.183228	4	0.003899	17
290.183228	5	0.004873	15
290.183228	6	0.005848	7
290.183228	7	0.006823	5
290.183228	8	0.007797	4
290.183228	9	0.008772	8
290.183228	10	0.009747	5
290.183228	11	0.010721	6
290.183228	41	0.039961	1
290.183228	21	0.020468	2
290.183228	12	0.011696	4
290.183228	14	0.013645	4
290.183228	23	0.022417	1
290.183228	38	0.037037	1
290.183228	17	0.016569	1
290.183228	20	0.019493	1
290.183228	15	0.014620	1
290.183228	16	0.015595	1
290.183228	31	0.030214	1
290.183228	13	0.012671	1
300.183807	1	0.000976	100
300.183807	2	0.001951	31
300.183807	3	0.002927	32
300.183807	4	0.003902	12
300.183807	5	0.004878	15
300.183807	6	0.005854	10
300.183807	7	0.006829	4
300.183807	8	0.007805	11
300.183807	9	0.008780	2
300.183807	10	0.009756	5
300.183807	13	0.012683	2
300.183807	25	0.024390	2
300.183807	35	0.034146	1
300.183807	22	0.021463	1
300.183807	20	0.019512	1
300.183807	14	0.013659	3
300.183807	12	0.011707	3
300.183807	33	0.032195	1
300.183807	15	0.014634	2
300.183807	17	0.016585	1
300.183807	11	0.010732	3
300.183807	30	0.029268	1
300.183807	26	0.025366	1
310.184143	1	0.000976	73
310.184143	2	0.001951	52
310.184143	3	0.002927	20
310.184143	4	0.003902	18
310.184143	5	0.004878	8
310.184143	6	0.005854	10
310.184143	7	0.006829	11
310.184143	8	0.007805	4
310.184143	9	0.008780	4
310.184143	10	0.009756	4
310.184143	37	0.036098	1
310.184143	24	0.023415	1
310.184143	19	0.018537	1
310.184143	18	0.017561	1
310.184143	14	0.013659	3
310.184143	25	0.024390	1
310.184143	12	0.011707	7
310.184143	13	0.012683	3
310.184143	39	0.038049	1
310.184143	15	0.014634	3
310.184143	16	0.015610	3
310.184143	11	0.010732	1
320.184509	1	0.000976	68
320.184509	2	0.001951	21
320.184509	3	0.002927	30
320.184509	4	0.003902	20
320.184509	5	0.004878	14
320.184509	6	0.005854	15
320.184509	7	0.006829	8
320.184509	8	0.007805	5
320.184509	9	0.008780	9
320.184509	10	0.009756	3
320.184509	23	0.022439	2
320.184509	14	0.013659	1
320.184509	17	0.016585	4
320.184509	22	0.021463	1
320.184509	49	0.047805	1
320.184509	15	0.014634	1
320.184509	12	0.011707	2
320.184509	11	0.010732	2
320.184509	30	0.029268	1
320.184509	21	0.020488	1
320.184509	20	0.019512	1
320.184509	13	0.012683	1
320.184509	18	0.017561	1
320.184509	16	0.015610	1
330.184753	1	0.000976	70
330.184753	2	0.001951	41
330.184753	3	0.002927	25
330.184753	4	0.003902	12
330.184753	5	0.004878	10
330.184753	6	0.005854	13
330.184753	7	0.006829	7
330.184753	8	0.007805	3
330.184753	9	0.008780	7
330.184753	10	0.009756	3
330.184753	27	0.026341	2
330.184753	12	0.011707	1
330.184753	26	0.025366	1
330.184753	19	0.018537	1
330.184753	31	0.030244	1
330.184753	11	0.010732	4
330.184753	13	0.012683	1
330.184753	16	0.015610	1
330.184753	25	0.024390	1
330.184753	57	0.055610	1
330.184753	17	0.016585	1
330.184753	38	0.037073	1
330.184753	33	0.032195	1
330.184753	15	0.014634	1
330.184753	20	0.019512	1
330.184753	18	0.017561	2
340.185547	1	0.000976	75
340.185547	2	0.001951	34
340.185547	3	0.002927	30
340.185547	4	0.003902	13
340.185547	5	0.004878	15
340.185547	6	0.005854	4
340.185547	7	0.006829	4
340.185547	8	0.007805	8
340.185547	9	0.008780	4
340.185547	10	0.009756	8
340.185547	24	0.023415	2
340.185547	26	0.025366	1
340.185547	33	0.032195	1
340.185547	32	0.031220	2
340.185547	11	0.010732	3
340.185547	12	0.011707	2
340.185547	35	0.034146	1
340.185547	14	0.013659	1
340.185547	31	0.030244	1
340.185547	13	0.012683	4
340.185547	39	0.038049	1
340.185547	19	0.018537	1
340.185547	15	0.014634	1
350.186493	1	0.000976	74
350.186493	2	0.001951	32
350.186493	3	0.002927	22
350.186493	4	0.003902	20
350.186493	5	0.004878	8
350.186493	6	0.005854	4
350.186493	7	0.006829	8
350.186493	8	0.007805	6
350.186493	9	0.008780	8
350.186493	10	0.009756	5
350.186493	23	0.022439	1
350.186493	24	0.023415	3
350.186493	11	0.010732	3
350.186493	37	0.036098	1
350.186493	19	0.018537	2
350.186493	22	0.021463	1
350.186493	18	0.017561	1
350.186493	13	0.012683	1
350.186493	15	0.014634	3
350.186493	51	0.049756	1
350.186493	21	0.020488	1
350.186493	20	0.019512	1
350.186493	16	0.015610	2
350.186493	14	0.013659	1
350.186493	12	0.011707	1
360.187073	1	0.000976	69
360.187073	2	0.001951	40
360.187073	3	0.002927	16
360.187073	4	0.003902	15
360.187073	5	0.004878	15
360.187073	6	0.005854	11
360.187073	7	0.006829	8
360.187073	8	0.007805	4
360.187073	9	0.008780	7
360.187073	10	0.009756	7
360.187073	19	0.018537	1
360.187073	11	0.010732	6
360.187073	14	0.013659	3
360.187073	38	0.037073	1
360.187073	15	0.014634	5
360.187073	25	0.024390	1
360.187073	17	0.016585	1
360.187073	22	0.021463	2
360.187073	21	0.020488	1
360.187073	31	0.030244	1
360.187073	28	0.027317	1
370.187958	1	0.000976	67
370.187958	2	0.001951	24
370.187958	3	0.002927	29
370.187958	4	0.003902	13
370.187958	5	0.004878	10
370.187958	6	0.005854	9
370.187958	7	0.006829	10
370.187958	8	0.007805	5
370.187958	9	0.008780	8
370.187958	10	0.009756	3
370.187958	25	0.024390	1
370.187958	11	0.010732	3
370.187958	52	0.050732	1
370.187958	39	0.038049	1
370.187958	34	0.033171	2
370.187958	15	0.014634	2
370.187958	18	0.017561	2
370.187958	37	0.036098	1
370.187958	16	0.015610	2
370.187958	26	0.025366	1
370.187958	13	0.012683	2
370.187958	12	0.011707	2
370.187958	27	0.026341	1
380.188324	1	0.000977	78
380.188324	2	0.001953	33
380.188324	3	0.002930	20
380.188324	4	0.003906	14
380.188324	5	0.004883	8
380.188324	6	0.005859	8
380.188324	7	0.006836	13
380.188324	8	0.007812	4
380.188324	9	0.008789	4
380.188324	10	0.009766	4
380.188324	28	0.027344	1
380.188324	12	0.011719	2
380.188324	23	0.022461	2
380.188324	15	0.014648	3
380.188324	13	0.012695	2
380.188324	14	0.013672	1
380.188324	16	0.015625	3
380.188324	47	0.045898	1
380.188324	11	0.010742	5
380.188324	29	0.028320	1
380.188324	20	0.019531	1
380.188324	25	0.024414	1
380.188324	44	0.042969	1
380.188324	26	0.025391	1
390.188812	1	0.000976	82
390.188812	2	0.001951	39
390.188812	3	0.002927	35
390.188812	4	0.003902	23
390.188812	5	0.004878	17
390.188812	6	0.005854	7
390.188812	7	0.006829	8
390.188812	8	0.007805	5
390.188812	9	0.008780	1
390.188812	10	0.009756	2
390.188812	28	0.027317	2
390.188812	13	0.012683	2
390.188812	43	0.041951	1
390.188812	31	0.030244	1
390.188812	34	0.033171	1
390.188812	12	0.011707	5
390.188812	14	0.013659	2
390.188812	46	0.044878	1
390.188812	17	0.016585	1
390.188812	15	0.014634	1
390.188812	23	0.022439	1
390.188812	18	0.017561	1
390.188812	19	0.018537	1
400.189819	1	0.000976	65
400.189819	2	0.001951	35
400.189819	3	0.002927	24
400.189819	4	0.003902	14
400.189819	5	0.004878	15
400.189819	6	0.005854	10
400.189819	7	0.006829	3
400.189819	8	0.007805	1
400.189819	9	0.008780	5
400.189819	10	0.009756	3
400.189819	24	0.023415	2
400.189819	25	0.024390	1
400.189819	13	0.012683	4
400.189819	11	0.010732	8
400.189819	22	0.021463	2
400.189819	14	0.013659	4
400.189819	19	0.018537	1
400.189819	23	0.022439	1
400.189819	31	0.030244	1
400.189819	16	0.015610	1
400.189819	12	0.011707	2
400.189819	21	0.020488	1
400.189819	15	0.014634	2
400.189819	26	0.025366	1
400.189819	20	0.019512	1
410.190308	1	0.000976	85
410.190308	2	0.001951	26
410.190308	3	0.002927	16
410.190308	4	0.003902	14
410.190308	5	0.004878	12
410.190308	6	0.005854	16
410.190308	7	0.006829	7
410.190308	8	0.007805	6
410.190308	9	0.008780	4
410.190308	10	0.009756	8
410.190308	26	0.025366	3
410.190308	13	0.012683	6
410.190308	25	0.024390	1
410.190308	41	0.040000	1
410.190308	24	0.023415	1
410.190308	20	0.019512	1
410.190308	16	0.015610	1
410.190308	12	0.011707	2
410.190308	43	0.041951	1
410.190308	11	0.010732	1
410.190308	19	0.018537	1
410.190308	22	0.021463	1
410.190308	14	0.013659	1
420.190582	1	0.000976	86
420.190582	2	0.001951	31
420.190582	3	0.002927	27
420.190582	4	0.003902	7
420.190582	5	0.004878	17
420.190582	6	0.005854	6
420.190582	7	0.006829	7
420.190582	8	0.007805	6
420.190582	9	0.008780	3
420.190582	10	0.009756	3
420.190582	18	0.017561	1
420.190582	25	0.024390	1
420.190582	28	0.027317	1
420.190582	16	0.015610	1
420.190582	11	0.010732	2
420.190582	13	0.012683	4
420.190582	19	0.018537	2
420.190582	31	0.030244	1
420.190582	24	0.023415	2
420.190582	23	0.022439	2
420.190582	12	0.011707	3
420.190582	14	0.013659	2
420.190582	20	0.019512	1
420.190582	17	0.016585	1
420.190582	38	0.037073	1
420.190582	15	0.014634	2
430.191132	1	0.000976	81
430.191132	2	0.001951	31
430.191132	3	0.002927	29
430.191132	4	0.003902	12
430.191132	5	0.004878	9
430.191132	6	0.005854	8
430.191132	7	0.006829	8
430.191132	8	0.007805	10
430.191132	9	0.008780	5
430.191132	10	0.009756	5
430.191132	21	0.020488	2
430.191132	23	0.022439	1
430.191132	13	0.012683	4
430.191132	14	0.013659	2
430.191132	12	0.011707	2
430.191132	19	0.018537	3
430.191132	22	0.021463	1
430.191132	11	0.010732	4
430.191132	20	0.019512	1
430.191132	31	0.030244	1
430.191132	28	0.027317	1
430.191132	17	0.016585	2
430.191132	18	0.017561	1
440.191681	1	0.000976	86
440.191681	2	0.001951	43
440.191681	3	0.002927	26
440.191681	4	0.003902	15
440.191681	5	0.004878	9
440.191681	6	0.005854	8
440.191681	7	0.006829	10
440.191681	8	0.007805	6
440.191681	9	0.008780	7
440.191681	10	0.009756	4
440.191681	17	0.016585	3
440.191681	14	0.013659	3
440.191681	19	0.018537	1
440.191681	58	0.056585	1
440.191681	18	0.017561	3
440.191681	11	0.010732	3
440.191681	74	0.072195	1
440.191681	12	0.011707	2
440.191681	15	0.014634	2
440.191681	16	0.015610	1
450.192352	1	0.000976	93
450.192352	2	0.001951	41
450.192352	3	0.002927	19
450.192352	4	0.003902	15
450.192352	5	0.004878	13
450.192352	6	0.005854	10
450.192352	7	0.006829	9
450.192352	8	0.007805	5
450.192352	9	0.008780	3
450.192352	10	0.009756	4
450.192352	16	0.015610	1
450.192352	13	0.012683	2
450.192352	18	0.017561	4
450.192352	11	0.010732	5
450.192352	15	0.014634	1
450.192352	17	0.016585	2
450.192352	26	0.025366	2
450.192352	20	0.019512	1
450.192352	62	0.060488	1
450.192352	22	0.021463	2
450.192352	28	0.027317	1
450.192352	14	0.013659	1
460.192566	1	0.000976	73
460.192566	2	0.001951	40
460.192566	3	0.002927	20
460.192566	4	0.003902	9
460.192566	5	0.004878	15
460.192566	6	0.005854	13
460.192566	7	0.006829	10
460.192566	8	0.007805	7
460.192566	9	0.008780	5
460.192566	10	0.009756	2
460.192566	13	0.012683	6
460.192566	14	0.013659	3
460.192566	40	0.039024	1
460.192566	31	0.030244	1
460.192566	22	0.021463	1
460.192566	29	0.028293	1
460.192566	12	0.011707	3
460.192566	16	0.015610	3
460.192566	28	0.027317	2
460.192566	17	0.016585	1
460.192566	18	0.017561	1
460.192566	15	0.014634	1
470.192963	1	0.000976	69
470.192963	2	0.001951	30
470.192963	3	0.002927	30
470.192963	4	0.003902	25
470.192963	5	0.004878	14
470.192963	6	0.005854	7
470.192963	7	0.006829	6
470.192963	8	0.007805	6
470.192963	9	0.008780	7
470.192963	10	0.009756	9
470.192963	11	0.010732	6
470.192963	20	0.019512	2
470.192963	35	0.034146	1
470.192963	12	0.011707	3
470.192963	13	0.012683	2
470.192963	17	0.016585	1
470.192963	21	0.020488	1
470.192963	25	0.024390	1
470.192963	27	0.026341	1
470.192963	15	0.014634	2
470.192963	14	0.013659	2
480.193604	1	0.000976	80
480.193604	2	0.001951	43
480.193604	3	0.002927	26
480.193604	4	0.003902	15
480.193604	5	0.004878	7
480.193604	6	0.005854	11
480.193604	7	0.006829	7
480.193604	8	0.007805	3
480.193604	9	0.008780	2
480.193604	10	0.009756	5
480.193604	20	0.019512	1
480.193604	14	0.013659	3
480.193604	16	0.015610	4
480.193604	19	0.018537	3
480.193604	38	0.037073	1
480.193604	18	0.017561	1
480.193604	22	0.021463	1
480.193604	27	0.026341	1
480.193604	11	0.010732	1
480.193604	13	0.012683	5
480.193604	15	0.014634	1
480.193604	21	0.020488	1
480.193604	12	0.011707	1
480.193604	41	0.040000	1
480.193604	26	0.025366	1
490.194061	1	0.000976	79
490.194061	2	0.001951	28
490.194061	3	0.002927	17
490.194061	4	0.003902	17
490.194061	5	0.004878	12
490.194061	6	0.005854	7
490.194061	7	0.006829	8
490.194061	8	0.007805	7
490.194061	9	0.008780	1
490.194061	10	0.009756	3
490.194061	46	0.044878	2
490.194061	80	0.078049	1
490.194061	16	0.015610	4
490.194061	22	0.021463	2
490.194061	19	0.018537	2
490.194061	14	0.013659	2
490.194061	18	0.017561	1
490.194061	13	0.012683	1
490.194061	26	0.025366	1
490.194061	29	0.028293	1
490.194061	12	0.011707	2
490.194061	23	0.022439	1
490.194061	28	0.027317	1
490.194061	11	0.010732	1
500.194580	1	0.000976	72
500.194580	2	0.001951	40
500.194580	3	0.002927	28
500.194580	4	0.003902	7
500.194580	5	0.004878	9
500.194580	6	0.005854	9
500.194580	7	0.006829	8
500.194580	8	0.007805	2
500.194580	9	0.008780	6
500.194580	10	0.009756	2
500.194580	28	0.027317	1
500.194580	22	0.021463	1
500.194580	12	0.011707	5
500.194580	16	0.015610	2
500.194580	14	0.013659	5
500.194580	19	0.018537	1
500.194580	30	0.029268	1
500.194580	15	0.014634	2
500.194580	20	0.019512	1
500.194580	39	0.038049	1
500.194580	18	0.017561	1
500.194580	17	0.016585	2
500.194580	31	0.030244	1
500.194580	24	0.023415	1
500.194580	11	0.010732	3
500.194580	13	0.012683	2
510.195099	1	0.000975	91
510.195099	2	0.001949	44
510.195099	3	0.002924	21
510.195099	4	0.003899	16
510.195099	5	0.004873	9
510.195099	6	0.005848	7
510.195099	7	0.006823	9
510.195099	8	0.007797	4
510.195099	9	0.008772	5
510.195099	10	0.009747	4
510.195099	40	0.038986	1
510.195099	29	0.028265	2
510.195099	64	0.062378	1
510.195099	12	0.011696	3
510.195099	13	0.012671	5
510.195099	15	0.014620	2
510.195099	11	0.010721	2
510.195099	14	0.013645	4
510.195099	16	0.015595	1
510.195099	30	0.029240	1
510.195099	19	0.018519	1
510.195099	17	0.016569	1
520.195435	1	0.000976	80
520.195435	2	0.001951	35
520.195435	3	0.002927	27
520.195435	4	0.003902	26
520.195435	5	0.004878	9
520.195435	6	0.005854	9
520.195435	7	0.006829	4
520.195435	8	0.007805	9
520.195435	9	0.008780	5
520.195435	10	0.009756	5
520.195435	16	0.015610	2
520.195435	17	0.016585	2
520.195435	15	0.014634	3
520.195435	25	0.024390	1
520.195435	18	0.017561	3
520.195435	13	0.012683	2
520.195435	20	0.019512	1
520.195435	21	0.020488	1
520.195435	32	0.031220	1
520.195435	19	0.018537	1
520.195435	22	0.021463	1
520.195435	14	0.013659	3
520.195435	24	0.023415	1
530.195801	1	0.000976	85
530.195801	2	0.001951	32
530.195801	3	0.002927	26
530.195801	4	0.003902	29
530.195801	5	0.004878	11
530.195801	6	0.005854	12
530.195801	7	0.006829	8
530.195801	8	0.007805	2
530.195801	9	0.008780	2
530.195801	10	0.009756	3
530.195801	16	0.015610	3
530.195801	26	0.025366	1
530.195801	15	0.014634	1
530.195801	31	0.030244	1
530.195801	11	0.010732	3
530.195801	12	0.011707	2
530.195801	17	0.016585	3
530.195801	23	0.022439	1
530.195801	18	0.017561	2
530.195801	25	0.024390	1
530.195801	24	0.023415	1
530.195801	13	0.012683	2
530.195801	14	0.013659	2
530.195801	45	0.043902	1
540.196045	1	0.000976	75
540.196045	2	0.001951	40
540.196045	3	0.002927	15
540.196045	4	0.003902	14
540.196045	5	0.004878	9
540.196045	6	0.005854	9
540.196045	7	0.006829	7
540.196045	8	0.007805	9
540.196045	9	0.008780	5
540.196045	10	0.009756	6
540.196045	27	0.026341	1
540.196045	21	0.020488	1
540.196045	17	0.016585	1
540.196045	14	0.013659	2
540.196045	22	0.021463	2
540.196045	25	0.024390	2
540.196045	32	0.031220	1
540.196045	12	0.011707	2
540.196045	13	0.012683	2
540.196045	29	0.028293	1
540.196045	20	0.019512	2
540.196045	28	0.027317	1
540.196045	11	0.010732	1
540.196045	33	0.032195	1
540.196045	16	0.015610	1
540.196045	18	0.017561	1
550.196289	1	0.000976	98
550.196289	2	0.001951	28
550.196289	3	0.002927	20
550.196289	4	0.003902	11
550.196289	5	0.004878	12
550.196289	6	0.005854	5
550.196289	7	0.006829	10
550.196289	8	0.007805	3
550.196289	9	0.008780	3
550.196289	10	0.009756	1
550.196289	20	0.019512	2
550.196289	23	0.022439	3
550.196289	22	0.021463	2
550.196289	11	0.010732	2
550.196289	46	0.044878	1
550.196289	16	0.015610	2
550.196289	37	0.036098	1
550.196289	32	0.031220	1
550.196289	17	0.016585	2
550.196289	19	0.018537	2
550.196289	21	0.020488	1
550.196289	26	0.025366	1
550.196289	12	0.011707	2
550.196289	13	0.012683	1
550.196289	29	0.028293	1
550.196289	24	0.023415	1
550.196289	15	0.014634	1
560.197083	1	0.000976	91
560.197083	2	0.001951	33
560.197083	3	0.002927	26
560.197083	4	0.003902	8
560.197083	5	0.004878	11
560.197083	6	0.005854	4
560.197083	7	0.006829	8
560.197083	8	0.007805	7
560.197083	9	0.008780	6
560.197083	10	0.009756	3
560.197083	18	0.017561	1
560.197083	20	0.019512	2
560.197083	11	0.010732	6
560.197083	28	0.027317	1
560.197083	22	0.021463	1
560.197083	15	0.014634	1
560.197083	13	0.012683	3
560.197083	17	0.016585	2
560.197083	25	0.024390	1
560.197083	14	0.013659	4
560.197083	16	0.015610	2
560.197083	41	0.040000	1
560.197083	12	0.011707	3
560.197083	31	0.030244	1
570.197571	1	0.000976	83
570.197571	2	0.001951	42
570.197571	3	0.002927	16
570.197571	4	0.003902	24
570.197571	5	0.004878	15
570.197571	6	0.005854	6
570.197571	7	0.006829	5
570.197571	8	0.007805	5
570.197571	9	0.008780	3
570.197571	10	0.009756	3
570.197571	28	0.027317	1
570.197571	21	0.020488	3
570.197571	16	0.015610	1
570.197571	14	0.013659	6
570.197571	11	0.010732	3
570.197571	17	0.016585	2
570.197571	12	0.011707	6
570.197571	13	0.012683	2
570.197571	24	0.023415	1
570.197571	18	0.017561	1
570.197571	23	0.022439	1
570.197571	15	0.014634	2
570.197571	20	0.019512	1
580.197815	1	0.000976	77
580.197815	2	0.001951	35
580.197815	3	0.002927	24
580.197815	4	0.003902	17
580.197815	5	0.004878	14
580.197815	6	0.005854	7
580.197815	7	0.006829	15
580.197815	8	0.007805	4
580.197815	9	0.008780	4
580.197815	10	0.009756	5
580.197815	24	0.023415	1
580.197815	22	0.021463	2
580.197815	14	0.013659	2
580.197815	27	0.026341	1
580.197815	11	0.010732	3
580.197815	19	0.018537	2
580.197815	15	0.014634	2
580.197815	40	0.039024	1
580.197815	20	0.019512	2
580.197815	21	0.020488	1
580.197815	12	0.011707	4
580.197815	13	0.012683	1
580.197815	17	0.016585	1
590.198242	1	0.000976	68
590.198242	2	0.001951	35
590.198242	3	0.002927	26
590.198242	4	0.003902	17
590.198242	5	0.004878	10
590.198242	6	0.005854	7
590.198242	7	0.006829	7
590.198242	8	0.007805	8
590.198242	9	0.008780	7
590.198242	10	0.009756	3
590.198242	11	0.010732	6
590.198242	12	0.011707	5
590.198242	14	0.013659	1
590.198242	33	0.032195	1
590.198242	13	0.012683	3
590.198242	37	0.036098	1
590.198242	20	0.019512	2
590.198242	18	0.017561	1
590.198242	17	0.016585	1
590.198242	22	0.021463	1
590.198242	15	0.014634	1
590.198242	25	0.024390	2
590.198242	16	0.015610	2
600.198730	1	0.000976	81
600.198730	2	0.001951	37
600.198730	3	0.002927	25
600.198730	4	0.003902	11
600.198730	5	0.004878	7
600.198730	6	0.005854	10
600.198730	7	0.006829	9
600.198730	8	0.007805	8
600.198730	9	0.008780	6
600.198730	10	0.009756	5
600.198730	50	0.048780	1
600.198730	12	0.011707	2
600.198730	48	0.046829	1
600.198730	14	0.013659	1
600.198730	16	0.015610	2
600.198730	25	0.024390	1
600.198730	22	0.021463	1
600.198730	18	0.017561	1
600.198730	30	0.029268	1
600.198730	32	0.031220	1
600.198730	27	0.026341	1
600.198730	11	0.010732	2
600.198730	26	0.025366	1
600.198730	15	0.014634	1
600.198730	20	0.019512	2
610.198975	1	0.000976	72
610.198975	2	0.001951	28
610.198975	3	0.002927	25
610.198975	4	0.003902	22
610.198975	5	0.004878	16
610.198975	6	0.005854	4
610.198975	7	0.006829	5
610.198975	8	0.007805	5
610.198975	9	0.008780	4
610.198975	10	0.009756	3
610.198975	17	0.016585	2
610.198975	29	0.028293	3
610.198975	13	0.012683	3
610.198975	16	0.015610	1
610.198975	21	0.020488	2
610.198975	14	0.013659	4
610.198975	12	0.011707	4
610.198975	25	0.024390	1
610.198975	11	0.010732	3
610.198975	20	0.019512	1
610.198975	15	0.014634	2
610.198975	18	0.017561	1
610.198975	19	0.018537	1
610.198975	22	0.021463	1
620.199341	1	0.000975	78
620.199341	2	0.001949	46
620.199341	3	0.002924	20
620.199341	4	0.003899	13
620.199341	5	0.004873	10
620.199341	6	0.005848	11
620.199341	7	0.006823	4
620.199341	8	0.007797	5
620.199341	9	0.008772	6
620.199341	10	0.009747	5
620.199341	24	0.023392	2
620.199341	31	0.030214	1
620.199341	11	0.010721	5
620.199341	14	0.013645	2
620.199341	30	0.029240	1
620.199341	15	0.014620	1
620.199341	12	0.011696	4
620.199341	40	0.038986	1
620.199341	19	0.018519	2
620.199341	20	0.019493	1
620.199341	16	0.015595	1
620.199341	26	0.025341	1
620.199341	17	0.016569	1
620.199341	23	0.022417	1
620.199341	21	0.020468	1
630.199585	1	0.000976	112
630.199585	2	0.001951	48
630.199585	3	0.002927	27
630.199585	4	0.003902	17
630.199585	5	0.004878	12
630.199585	6	0.005854	9
630.199585	7	0.006829	9
630.199585	8	0.007805	5
630.199585	9	0.008780	6
630.199585	10	0.009756	4
630.199585	18	0.017561	1
630.199585	20	0.019512	2
630.199585	11	0.010732	3
630.199585	23	0.022439	1
630.199585	15	0.014634	3
630.199585	34	0.033171	1
630.199585	12	0.011707	4
630.199585	32	0.031220	1
630.199585	17	0.016585	2
630.199585	37	0.036098	1
630.199585	13	0.012683	1
640.200256	1	0.000976	78
640.200256	2	0.001951	31
640.200256	3	0.002927	26
640.200256	4	0.003902	23
640.200256	5	0.004878	16
640.200256	6	0.005854	11
640.200256	7	0.006829	8
640.200256	8	0.007805	6
640.200256	9	0.008780	2
640.200256	10	0.009756	3
640.200256	22	0.021463	1
640.200256	11	0.010732	5
640.200256	23	0.022439	1
640.200256	13	0.012683	1
640.200256	19	0.018537	2
640.200256	45	0.043902	1
640.200256	15	0.014634	2
640.200256	18	0.017561	1
640.200256	36	0.035122	1
640.200256	12	0.011707	6
640.200256	17	0.016585	1
640.200256	24	0.023415	2
650.200806	1	0.000976	86
650.200806	2	0.001951	36
650.200806	3	0.002927	23
650.200806	4	0.003902	9
650.200806	5	0.004878	13
650.200806	6	0.005854	8
650.200806	7	0.006829	3
650.200806	8	0.007805	6
650.200806	9	0.008780	1
650.200806	10	0.009756	6
650.200806	30	0.029268	2
650.200806	16	0.015610	2
650.200806	15	0.014634	2
650.200806	54	0.052683	1
650.200806	48	0.046829	1
650.200806	11	0.010732	3
650.200806	24	0.023415	3
650.200806	37	0.036098	1
650.200806	20	0.019512	1
650.200806	13	0.012683	1
650.200806	17	0.016585	1
650.200806	18	0.017561	1
650.200806	34	0.033171	1
650.200806	12	0.011707	2
650.200806	19	0.018537	1
660.201294	1	0.000976	82
660.201294	2	0.001951	35
660.201294	3	0.002927	21
660.201294	4	0.003902	17
660.201294	5	0.004878	9
660.201294	6	0.005854	12
660.201294	7	0.006829	12
660.201294	8	0.007805	5
660.201294	9	0.008780	4
660.201294	10	0.009756	4
660.201294	18	0.017561	1
660.201294	35	0.034146	1
660.201294	45	0.043902	1
660.201294	21	0.020488	1
660.201294	14	0.013659	5
660.201294	22	0.021463	2
660.201294	12	0.011707	1
660.201294	30	0.029268	1
660.201294	19	0.018537	1
660.201294	23	0.022439	2
660.201294	13	0.012683	1
660.201294	11	0.010732	2
660.201294	26	0.025366	1
660.201294	24	0.023415	1
670.201782	1	0.000976	91
670.201782	2	0.001951	29
670.201782	3	0.002927	28
670.201782	4	0.003902	10
670.201782	5	0.004878	7
670.201782	6	0.005854	10
670.201782	7	0.006829	6
670.201782	8	0.007805	6
670.201782	9	0.008780	9
670.201782	10	0.009756	4
670.201782	22	0.021463	1
670.201782	41	0.040000	1
670.201782	11	0.010732	6
670.201782	21	0.020488	2
670.201782	19	0.018537	2
670.201782	17	0.016585	3
670.201782	20	0.019512	1
670.201782	12	0.011707	2
670.201782	15	0.014634	2
670.201782	18	0.017561	1
670.201782	16	0.015610	1
670.201782	27	0.026341	1
670.201782	23	0.022439	1
670.201782	14	0.013659	2
680.202026	1	0.000976	90
680.202026	2	0.001951	36
680.202026	3	0.002927	19
680.202026	4	0.003902	13
680.202026	5	0.004878	6
680.202026	6	0.005854	8
680.202026	7	0.006829	8
680.202026	8	0.007805	8
680.202026	9	0.008780	5
680.202026	10	0.009756	4
680.202026	13	0.012683	1
680.202026	11	0.010732	6
680.202026	12	0.011707	3
680.202026	18	0.017561	4
680.202026	14	0.013659	3
680.202026	23	0.022439	3
680.202026	24	0.023415	2
680.202026	47	0.045854	1
680.202026	16	0.015610	2
680.202026	25	0.024390	1
680.202026	21	0.020488	1
690.202637	1	0.000976	82
690.202637	2	0.001951	34
690.202637	3	0.002927	25
690.202637	4	0.003902	12
690.202637	5	0.004878	19
690.202637	6	0.005854	8
690.202637	7	0.006829	9
690.202637	8	0.007805	2
690.202637	9	0.008780	6
690.202637	10	0.009756	7
690.202637	12	0.011707	4
690.202637	27	0.026341	2
690.202637	11	0.010732	2
690.202637	17	0.016585	2
690.202637	26	0.025366	1
690.202637	24	0.023415	1
690.202637	16	0.015610	2
690.202637	22	0.021463	3
690.202637	23	0.022439	1
690.202637	15	0.014634	1
690.202637	14	0.013659	1
690.202637	18	0.017561	1
690.202637	30	0.029268	1
700.203308	1	0.000976	85
700.203308	2	0.001951	39
700.203308	3	0.002927	25
700.203308	4	0.003902	16
700.203308	5	0.004878	10
700.203308	6	0.005854	9
700.203308	7	0.006829	5
700.203308	8	0.007805	4
700.203308	9	0.008780	3
700.203308	10	0.009756	6
700.203308	16	0.015610	2
700.203308	38	0.037073	1
700.203308	30	0.029268	1
700.203308	17	0.016585	4
700.203308	27	0.026341	1
700.203308	20	0.019512	1
700.203308	13	0.012683	2
700.203308	14	0.013659	2
700.203308	19	0.018537	1
700.203308	11	0.010732	3
700.203308	21	0.020488	1
700.203308	22	0.021463	2
700.203308	32	0.031220	1
700.203308	23	0.022439	1
700.203308	24	0.023415	1
710.203796	1	0.000976	97
710.203796	2	0.001951	35
710.203796	3	0.002927	22
710.203796	4	0.003902	5
710.203796	5	0.004878	11
710.203796	6	0.005854	11
710.203796	7	0.006829	9
710.203796	8	0.007805	10
710.203796	9	0.008780	4
710.203796	10	0.009756	5
710.203796	18	0.017561	2
710.203796	28	0.027317	1
710.203796	14	0.013659	2
710.203796	15	0.014634	1
710.203796	12	0.011707	3
710.203796	11	0.010732	3
710.203796	70	0.068293	1
710.203796	16	0.015610	2
710.203796	33	0.032195	1
710.203796	13	0.012683	2
710.203796	17	0.016585	1
710.203796	20	0.019512	1
710.203796	29	0.028293	1
710.203796	19	0.018537	1
720.204102	1	0.000976	70
720.204102	2	0.001951	36
720.204102	3	0.002927	29
720.204102	4	0.003902	10
720.204102	5	0.004878	13
720.204102	6	0.005854	14
720.204102	7	0.006829	7
720.204102	8	0.007805	4
720.204102	9	0.008780	5
720.204102	10	0.009756	2
720.204102	22	0.021463	3
720.204102	33	0.032195	1
720.204102	11	0.010732	2
720.204102	28	0.027317	1
720.204102	14	0.013659	3
720.204102	13	0.012683	3
720.204102	39	0.038049	1
720.204102	16	0.015610	1
720.204102	12	0.011707	3
720.204102	19	0.018537	2
720.204102	15	0.014634	3
720.204102	21	0.020488	1
720.204102	18	0.017561	2
730.204468	1	0.000976	82
730.204468	2	0.001951	37
730.204468	3	0.002927	25
730.204468	4	0.003902	24
730.204468	5	0.004878	8
730.204468	6	0.005854	10
730.204468	7	0.006829	6
730.204468	8	0.007805	10
730.204468	9	0.008780	6
730.204468	10	0.009756	4
730.204468	17	0.016585	1
730.204468	20	0.019512	2
730.204468	21	0.020488	4
730.204468	25	0.024390	2
730.204468	35	0.034146	1
730.204468	45	0.043902	1
730.204468	12	0.011707	2
730.204468	14	0.013659	1
730.204468	16	0.015610	1
730.204468	11	0.010732	2
730.204468	22	0.021463	1
730.204468	13	0.012683	1
740.204834	1	0.000976	71
740.204834	2	0.001951	40
740.204834	3	0.002927	17
740.204834	4	0.003902	16
740.204834	5	0.004878	7
740.204834	6	0.005854	6
740.204834	7	0.006829	7
740.204834	8	0.007805	5
740.204834	9	0.008780	4
740.204834	10	0.009756	6
740.204834	13	0.012683	3
740.204834	12	0.011707	2
740.204834	19	0.018537	1
740.204834	18	0.017561	1
740.204834	27	0.026341	1
740.204834	45	0.043902	1
740.204834	38	0.037073	1
740.204834	11	0.010732	6
740.204834	14	0.013659	2
740.204834	17	0.016585	1
740.204834	15	0.014634	3
740.204834	31	0.030244	1
740.204834	22	0.021463	1
740.204834	23	0.022439	1
740.204834	16	0.015610	1
740.204834	21	0.020488	1
740.204834	24	0.023415	1
750.205139	1	0.000977	64
750.205139	2	0.001953	40
750.205139	3	0.002930	20
750.205139	4	0.003906	17
750.205139	5	0.004883	18
750.205139	6	0.005859	7
750.205139	7	0.006836	3
750.205139	8	0.007812	6
750.205139	9	0.008789	5
750.205139	10	0.009766	7
750.205139	22	0.021484	2
750.205139	14	0.013672	1
750.205139	28	0.027344	1
750.205139	11	0.010742	4
750.205139	18	0.017578	2
750.205139	15	0.014648	2
750.205139	17	0.016602	1
750.205139	13	0.012695	4
750.205139	34	0.033203	1
750.205139	16	0.015625	2
750.205139	25	0.024414	1
750.205139	12	0.011719	3
750.205139	23	0.022461	1
750.205139	21	0.020508	1
760.206055	1	0.000976	74
760.206055	2	0.001951	36
760.206055	3	0.002927	14
760.206055	4	0.003902	16
760.206055	5	0.004878	13
760.206055	6	0.005854	10
760.206055	7	0.006829	7
760.206055	8	0.007805	3
760.206055	9	0.008780	3
760.206055	10	0.009756	1
760.206055	68	0.066341	1
760.206055	12	0.011707	3
760.206055	25	0.024390	1
760.206055	20	0.019512	2
760.206055	57	0.055610	1
760.206055	16	0.015610	3
760.206055	13	0.012683	3
760.206055	26	0.025366	2
760.206055	17	0.016585	1
760.206055	30	0.029268	1
760.206055	19	0.018537	1
760.206055	22	0.021463	1
760.206055	28	0.027317	1
760.206055	11	0.010732	1
760.206055	32	0.031220	1
760.206055	14	0.013659	1
770.206360	1	0.000976	80
770.206360	2	0.001951	40
770.206360	3	0.002927	19
770.206360	4	0.003902	13
770.206360	5	0.004878	13
770.206360	6	0.005854	7
770.206360	7	0.006829	7
770.206360	8	0.007805	8
770.206360	9	0.008780	7
770.206360	10	0.009756	3
770.206360	24	0.023415	1
770.206360	28	0.027317	1
770.206360	18	0.017561	1
770.206360	38	0.037073	1
770.206360	22	0.021463	1
770.206360	20	0.019512	2
770.206360	14	0.013659	6
770.206360	12	0.011707	3
770.206360	21	0.020488	1
770.206360	25	0.024390	1
770.206360	29	0.028293	1
770.206360	11	0.010732	3
770.206360	13	0.012683	1
770.206360	17	0.016585	1
770.206360	15	0.014634	1
780.207031	1	0.000976	82
780.207031	2	0.001951	34
780.207031	3	0.002927	20
780.207031	4	0.003902	16
780.207031	5	0.004878	8
780.207031	6	0.005854	4
780.207031	7	0.006829	1
780.207031	8	0.007805	9
780.207031	9	0.008780	6
780.207031	10	0.009756	3
780.207031	33	0.032195	1
780.207031	31	0.030244	2
780.207031	17	0.016585	1
780.207031	21	0.020488	1
780.207031	23	0.022439	1
780.207031	34	0.033171	1
780.207031	14	0.013659	2
780.207031	15	0.014634	2
780.207031	20	0.019512	1
780.207031	12	0.011707	2
780.207031	11	0.010732	5
780.207031	16	0.015610	2
780.207031	13	0.012683	5
780.207031	24	0.023415	1
780.207031	56	0.054634	1
790.207825	1	0.000976	75
790.207825	2	0.001951	36
790.207825	3	0.002927	20
790.207825	4	0.003902	11
790.207825	5	0.004878	10
790.207825	6	0.005854	8
790.207825	7	0.006829	5
790.207825	8	0.007805	4
790.207825	9	0.008780	7
790.207825	10	0.009756	1
790.207825	15	0.014634	5
790.207825	16	0.015610	2
790.207825	13	0.012683	4
790.207825	17	0.016585	1
790.207825	19	0.018537	1
790.207825	11	0.010732	2
790.207825	29	0.028293	2
790.207825	33	0.032195	1
790.207825	55	0.053659	1
790.207825	24	0.023415	1
790.207825	12	0.011707	2
790.207825	25	0.024390	1
790.207825	18	0.017561	3
790.207825	14	0.013659	1
790.207825	32	0.031220	1
800.208313	1	0.000976	78
800.208313	2	0.001951	39
800.208313	3	0.002927	24
800.208313	4	0.003902	13
800.208313	5	0.004878	9
800.208313	6	0.005854	13
800.208313	7	0.006829	5
800.208313	8	0.007805	1
800.208313	9	0.008780	6
800.208313	10	0.009756	4
800.208313	12	0.011707	6
800.208313	11	0.010732	8
800.208313	22	0.021463	2
800.208313	14	0.013659	4
800.208313	18	0.017561	1
800.208313	13	0.012683	2
800.208313	28	0.027317	1
800.208313	16	0.015610	1
800.208313	23	0.022439	1
800.208313	29	0.028293	1
800.208313	15	0.014634	3
800.208313	21	0.020488	1
800.208313	19	0.018537	1
810.209229	1	0.000975	76
810.209229	2	0.001949	35
810.209229	3	0.002924	28
810.209229	4	0.003899	16
810.209229	5	0.004873	14
810.209229	6	0.005848	11
810.209229	7	0.006823	9
810.209229	8	0.007797	8
810.209229	9	0.008772	2
810.209229	10	0.009747	4
810.209229	15	0.014620	2
810.209229	22	0.021442	3
810.209229	51	0.049708	1
810.209229	16	0.015595	2
810.209229	30	0.029240	1
810.209229	20	0.019493	1
810.209229	17	0.016569	1
810.209229	28	0.027290	1
810.209229	13	0.012671	1
810.209229	47	0.045809	1
810.209229	11	0.010721	1
810.209229	14	0.013645	1
810.209229	19	0.018519	1
810.209229	21	0.020468	1
810.209229	12	0.011696	1
820.209534	1	0.000976	70
820.209534	2	0.001951	47
820.209534	3	0.002927	21
820.209534	4	0.003902	16
820.209534	5	0.004878	10
820.209534	6	0.005854	12
820.209534	7	0.006829	6
820.209534	8	0.007805	7
820.209534	9	0.008780	6
820.209534	10	0.009756	3
820.209534	13	0.012683	3
820.209534	17	0.016585	1
820.209534	23	0.022439	1
820.209534	24	0.023415	3
820.209534	14	0.013659	2
820.209534	30	0.029268	1
820.209534	12	0.011707	1
820.209534	81	0.079024	1
820.209534	22	0.021463	1
820.209534	21	0.020488	2
820.209534	15	0.014634	1
820.209534	19	0.018537	2
820.209534	11	0.010732	1
830.209778	1	0.000976	82
830.209778	2	0.001951	30
830.209778	3	0.002927	28
830.209778	4	0.003902	11
830.209778	5	0.004878	13
830.209778	6	0.005854	13
830.209778	7	0.006829	5
830.209778	8	0.007805	7
830.209778	9	0.008780	3
830.209778	10	0.009756	8
830.209778	35	0.034146	1
830.209778	37	0.036098	1
830.209778	48	0.046829	1
830.209778	11	0.010732	4
830.209778	14	0.013659	1
830.209778	38	0.037073	1
830.209778	22	0.021463	1
830.209778	16	0.015610	2
830.209778	18	0.017561	2
830.209778	17	0.016585	2
830.209778	20	0.019512	1
830.209778	12	0.011707	2
830.209778	30	0.029268	1
840.210205	1	0.000976	93
840.210205	2	0.001951	40
840.210205	3	0.002927	25
840.210205	4	0.003902	24
840.210205	5	0.004878	9
840.210205	6	0.005854	9
840.210205	7	0.006829	6
840.210205	8	0.007805	8
840.210205	9	0.008780	3
840.210205	10	0.009756	6
840.210205	23	0.022439	1
840.210205	28	0.027317	1
840.210205	29	0.028293	1
840.210205	17	0.016585	6
840.210205	24	0.023415	1
840.210205	18	0.017561	1
840.210205	14	0.013659	2
840.210205	38	0.037073	1
840.210205	21	0.020488	1
840.210205	15	0.014634	1
840.210205	12	0.011707	2
840.210205	39	0.038049	1
850.210510	1	0.000976	83
850.210510	2	0.001951	45
850.210510	3	0.002927	33
850.210510	4	0.003902	13
850.210510	5	0.004878	17
850.210510	6	0.005854	9
850.210510	7	0.006829	4
850.210510	8	0.007805	7
850.210510	9	0.008780	5
850.210510	10	0.009756	4
850.210510	11	0.010732	3
850.210510	19	0.018537	1
850.210510	30	0.029268	3
850.210510	13	0.012683	2
850.210510	22	0.021463	1
850.210510	29	0.028293	1
850.210510	12	0.011707	1
850.210510	21	0.020488	1
850.210510	14	0.013659	2
850.210510	53	0.051707	1
850.210510	23	0.022439	1
850.210510	20	0.019512	1
850.210510	17	0.016585	1
860.211060	1	0.000977	84
860.211060	2	0.001953	30
860.211060	3	0.002930	22
860.211060	4	0.003906	15
860.211060	5	0.004883	13
860.211060	6	0.005859	7
860.211060	7	0.006836	9
860.211060	8	0.007812	7
860.211060	9	0.008789	4
860.211060	10	0.009766	2
860.211060	12	0.011719	2
860.211060	27	0.026367	1
860.211060	40	0.039062	1
860.211060	20	0.019531	2
860.211060	11	0.010742	6
860.211060	13	0.012695	4
860.211060	17	0.016602	1
860.211060	34	0.033203	1
860.211060	41	0.040039	1
860.211060	18	0.017578	3
860.211060	15	0.014648	2
860.211060	14	0.013672	2
860.211060	19	0.018555	1
870.211487	1	0.000976	79
870.211487	2	0.001951	44
870.211487	3	0.002927	25
870.211487	4	0.003902	14
870.211487	5	0.004878	9
870.211487	6	0.005854	12
870.211487	7	0.006829	17
870.211487	8	0.007805	6
870.211487	9	0.008780	4
870.211487	10	0.009756	4
870.211487	14	0.013659	1
870.211487	12	0.011707	5
870.211487	34	0.033171	1
870.211487	20	0.019512	1
870.211487	16	0.015610	1
870.211487	11	0.010732	2
870.211487	13	0.012683	2
870.211487	15	0.014634	1
870.211487	17	0.016585	1
870.211487	27	0.026341	1
870.211487	31	0.030244	1
870.211487	46	0.044878	1
870.211487	18	0.017561	1
870.211487	21	0.020488	1
880.211975	1	0.000977	76
880.211975	2	0.001953	30
880.211975	3	0.002930	30
880.211975	4	0.003906	10
880.211975	5	0.004883	14
880.211975	6	0.005859	8
880.211975	7	0.006836	5
880.211975	8	0.007812	5
880.211975	9	0.008789	4
880.211975	10	0.009766	1
880.211975	20	0.019531	2
880.211975	18	0.017578	3
880.211975	14	0.013672	3
880.211975	16	0.015625	2
880.211975	11	0.010742	7
880.211975	27	0.026367	2
880.211975	12	0.011719	2
880.211975	37	0.036133	1
880.211975	82	0.080078	1
880.211975	19	0.018555	1
880.211975	13	0.012695	2
880.211975	15	0.014648	1
880.211975	17	0.016602	1
890.212585	1	0.000976	77
890.212585	2	0.001951	39
890.212585	3	0.002927	24
890.212585	4	0.003902	23
890.212585	5	0.004878	9
890.212585	6	0.005854	8
890.212585	7	0.006829	4
890.212585	8	0.007805	6
890.212585	9	0.008780	4
890.212585	10	0.009756	3
890.212585	11	0.010732	6
890.212585	20	0.019512	1
890.212585	17	0.016585	3
890.212585	21	0.020488	1
890.212585	12	0.011707	5
890.212585	14	0.013659	3
890.212585	15	0.014634	4
890.212585	25	0.024390	1
890.212585	16	0.015610	2
890.212585	52	0.050732	1
890.212585	42	0.040976	1
900.213135	1	0.000976	82
900.213135	2	0.001951	38
900.213135	3	0.002927	20
900.213135	4	0.003902	13
900.213135	5	0.004878	12
900.213135	6	0.005854	11
900.213135	7	0.006829	11
900.213135	8	0.007805	9
900.213135	9	0.008780	3
900.213135	10	0.009756	1
900.213135	35	0.034146	1
900.213135	21	0.020488	4
900.213135	15	0.014634	1
900.213135	38	0.037073	1
900.213135	29	0.028293	2
900.213135	20	0.019512	2
900.213135	17	0.016585	2
900.213135	12	0.011707	1
900.213135	11	0.010732	3
900.213135	28	0.027317	1
900.213135	22	0.021463	1
900.213135	16	0.015610	1
900.213135	14	0.013659	2
910.213745	1	0.000976	86
910.213745	2	0.001951	42
910.213745	3	0.002927	20
910.213745	4	0.003902	14
910.213745	5	0.004878	10
910.213745	6	0.005854	3
910.213745	7	0.006829	4
910.213745	8	0.007805	8
910.213745	9	0.008780	9
910.213745	10	0.009756	7
910.213745	18	0.017561	4
910.213745	16	0.015610	1
910.213745	42	0.040976	1
910.213745	11	0.010732	5
910.213745	32	0.031220	1
910.213745	12	0.011707	3
910.213745	13	0.012683	4
910.213745	15	0.014634	2
910.213745	21	0.020488	1
910.213745	29	0.028293	2
910.213745	14	0.013659	1
920.214233	1	0.000976	90
920.214233	2	0.001951	37
920.214233	3	0.002927	25
920.214233	4	0.003902	8
920.214233	5	0.004878	10
920.214233	6	0.005854	8
920.214233	7	0.006829	6
920.214233	8	0.007805	5
920.214233	9	0.008780	5
920.214233	10	0.009756	6
920.214233	19	0.018537	1
920.214233	13	0.012683	3
920.214233	16	0.015610	3
920.214233	22	0.021463	1
920.214233	23	0.022439	2
920.214233	42	0.040976	1
920.214233	28	0.027317	1
920.214233	21	0.020488	1
920.214233	17	0.016585	1
920.214233	12	0.011707	2
920.214233	15	0.014634	2
920.214233	14	0.013659	2
920.214233	36	0.035122	1
920.214233	11	0.010732	2
920.214233	18	0.017561	1
920.214233	29	0.028293	1
930.214600	1	0.000976	87
930.214600	2	0.001951	28
930.214600	3	0.002927	25
930.214600	4	0.003902	20
930.214600	5	0.004878	14
930.214600	6	0.005854	11
930.214600	7	0.006829	4
930.214600	8	0.007805	5
930.214600	9	0.008780	7
930.214600	10	0.009756	5
930.214600	24	0.023415	2
930.214600	11	0.010732	5
930.214600	12	0.011707	5
930.214600	64	0.062439	1
930.214600	20	0.019512	1
930.214600	36	0.035122	1
930.214600	13	0.012683	3
930.214600	25	0.024390	1
930.214600	22	0.021463	1
930.214600	15	0.014634	1
930.214600	26	0.025366	1
940.215027	1	0.000976	72
940.215027	2	0.001951	29
940.215027	3	0.002927	23
940.215027	4	0.003902	27
940.215027	5	0.004878	11
940.215027	6	0.005854	4
940.215027	7	0.006829	8
940.215027	8	0.007805	5
940.215027	9	0.008780	7
940.215027	10	0.009756	4
940.215027	45	0.043902	1
940.215027	23	0.022439	1
940.215027	17	0.016585	2
940.215027	16	0.015610	1
940.215027	33	0.032195	1
940.215027	19	0.018537	1
940.215027	12	0.011707	5
940.215027	22	0.021463	1
940.215027	13	0.012683	1
940.215027	11	0.010732	2
940.215027	20	0.019512	2
940.215027	15	0.014634	1
940.215027	14	0.013659	4
940.215027	18	0.017561	1
940.215027	24	0.023415	1
950.215454	1	0.000976	83
950.215454	2	0.001951	25
950.215454	3	0.002927	26
950.215454	4	0.003902	19
950.215454	5	0.004878	8
950.215454	6	0.005854	8
950.215454	7	0.006829	2
950.215454	8	0.007805	11
950.215454	9	0.008780	7
950.215454	10	0.009756	4
950.215454	25	0.024390	1
950.215454	20	0.019512	1
950.215454	22	0.021463	2
950.215454	14	0.013659	4
950.215454	13	0.012683	2
950.215454	15	0.014634	1
950.215454	26	0.025366	1
950.215454	53	0.051707	1
950.215454	21	0.020488	1
950.215454	11	0.010732	4
950.215454	17	0.016585	1
950.215454	12	0.011707	2
950.215454	23	0.022439	1
950.215454	33	0.032195	1
950.215454	18	0.017561	1
960.215881	1	0.000976	72
960.215881	2	0.001951	41
960.215881	3	0.002927	21
960.215881	4	0.003902	18
960.215881	5	0.004878	10
960.215881	6	0.005854	6
960.215881	7	0.006829	6
960.215881	8	0.007805	10
960.215881	9	0.008780	5
960.215881	10	0.009756	3
960.215881	12	0.011707	4
960.215881	14	0.013659	4
960.215881	16	0.015610	1
960.215881	22	0.021463	1
960.215881	43	0.041951	1
960.215881	20	0.019512	1
960.215881	11	0.010732	3
960.215881	49	0.047805	1
960.215881	23	0.022439	1
960.215881	36	0.035122	1
960.215881	15	0.014634	3
960.215881	18	0.017561	2
960.215881	13	0.012683	2
970.216064	1	0.000976	65
970.216064	2	0.001951	43
970.216064	3	0.002927	20
970.216064	4	0.003902	20
970.216064	5	0.004878	16
970.216064	6	0.005854	13
970.216064	7	0.006829	5
970.216064	8	0.007805	3
970.216064	9	0.008780	4
970.216064	10	0.009756	4
970.216064	18	0.017561	1
970.216064	13	0.012683	5
970.216064	26	0.025366	2
970.216064	34	0.033171	1
970.216064	12	0.011707	4
970.216064	35	0.034146	1
970.216064	11	0.010732	4
970.216064	14	0.013659	2
970.216064	33	0.032195	1
970.216064	15	0.014634	1
970.216064	19	0.018537	1
970.216064	17	0.016585	2
970.216064	16	0.015610	1
980.216614	1	0.000976	90
980.216614	2	0.001951	38
980.216614	3	0.002927	22
980.216614	4	0.003902	20
980.216614	5	0.004878	18
980.216614	6	0.005854	5
980.216614	7	0.006829	11
980.216614	8	0.007805	5
980.216614	9	0.008780	6
980.216614	10	0.009756	3
980.216614	24	0.023415	2
980.216614	16	0.015610	1
980.216614	18	0.017561	2
980.216614	13	0.012683	3
980.216614	23	0.022439	1
980.216614	11	0.010732	6
980.216614	22	0.021463	2
980.216614	25	0.024390	1
980.216614	15	0.014634	1
980.216614	26	0.025366	1
980.216614	12	0.011707	1
980.216614	28	0.027317	1
980.216614	14	0.013659	1
990.216980	1	0.000976	78
990.216980	2	0.001951	34
990.216980	3	0.002927	22
990.216980	4	0.003902	12
990.216980	5	0.004878	12
990.216980	6	0.005854	8
990.216980	7	0.006829	12
990.216980	8	0.007805	7
990.216980	9	0.008780	4
990.216980	10	0.009756	2
990.216980	13	0.012683	5
990.216980	36	0.035122	1
990.216980	41	0.040000	1
990.216980	14	0.013659	3
990.216980	12	0.011707	5
990.216980	34	0.033171	1
990.216980	17	0.016585	3
990.216980	32	0.031220	1
990.216980	11	0.010732	2
990.216980	18	0.017561	1
990.216980	15	0.014634	2
990.216980	30	0.029268	1
1000.000000	1	0.000976	81
1000.000000	2	0.001951	44
1000.000000	3	0.002927	15
1000.000000	4	0.003902	29
1000.000000	5	0.004878	14
1000.000000	6	0.005854	8
1000.000000	7	0.006829	6
1000.000000	8	0.007805	10
1000.000000	9	0.008780	4
1000.000000	10	0.009756	2
1000.000000	12	0.011707	3
1000.000000	41	0.040000	1
1000.000000	56	0.054634	1
1000.000000	29	0.028293	1
1000.000000	14	0.013659	2
1000.000000	18	0.017561	1
1000.000000	16	0.015610	2
1000.000000	17	0.016585	2
1000.000000	22	0.021463	1
1000.000000	25	0.024390	1
1000.000000	15	0.014634	2
1000.000000	11	0.010732	1
1000.000000	13	0.012683	1
1000.000000	24	0.023415	1
