Generation	Size	Frequency	Count
0.000000	1	1.000000	1
0.000000	2	2.000000	0
0.000000	3	3.000000	0
0.000000	4	4.000000	0
0.000000	5	5.000000	0
0.000000	6	6.000000	0
0.000000	7	7.000000	0
0.000000	8	8.000000	0
0.000000	9	9.000000	0
0.000000	10	10.000000	0
10.867301	1	0.000976	0
10.867301	2	0.001951	0
10.867301	3	0.002927	0
10.867301	4	0.003902	0
10.867301	5	0.004878	0
10.867301	6	0.005854	0
10.867301	7	0.006829	0
10.867301	8	0.007805	0
10.867301	9	0.008780	0
10.867301	10	0.009756	0
10.867301	1025	1.000000	1
20.867601	1	0.000976	0
20.867601	2	0.001951	0
20.867601	3	0.002927	0
20.867601	4	0.003902	0
20.867601	5	0.004878	0
20.867601	6	0.005854	0
20.867601	7	0.006829	0
20.867601	8	0.007805	0
20.867601	9	0.008780	0
20.867601	10	0.009756	0
20.867601	1025	1.000000	1
30.867849	1	0.000976	0
30.867849	2	0.001951	0
30.867849	3	0.002927	0
30.867849	4	0.003902	0
30.867849	5	0.004878	0
30.867849	6	0.005854	0
30.867849	7	0.006829	0
30.867849	8	0.007805	0
30.867849	9	0.008780	0
30.867849	10	0.009756	0
30.867849	1025	1.000000	1
40.868191	1	0.000976	0
40.868191	2	0.001951	1
40.868191	3	0.002927	0
40.868191	4	0.003902	0
40.868191	5	0.004878	0
40.868191	6	0.005854	0
40.868191	7	0.006829	0
40.868191	8	0.007805	0
40.868191	9	0.008780	0
40.868191	10	0.009756	0
40.868191	1023	0.998049	1
50.868393	1	0.000977	0
50.868393	2	0.001953	0
50.868393	3	0.002930	0
50.868393	4	0.003906	0
50.868393	5	0.004883	0
50.868393	6	0.005859	0
50.868393	7	0.006836	0
50.868393	8	0.007812	0
50.868393	9	0.008789	0
50.868393	10	0.009766	0
50.868393	1024	1.000000	1
60.868828	1	0.000976	0
60.868828	2	0.001951	0
60.868828	3	0.002927	0
60.868828	4	0.003902	0
60.868828	5	0.004878	0
60.868828	6	0.005854	0
60.868828	7	0.006829	0
60.868828	8	0.007805	0
60.868828	9	0.008780	0
60.868828	10	0.009756	0
60.868828	1025	1.000000	1
70.869278	1	0.000976	0
70.869278	2	0.001951	0
70.869278	3	0.002927	0
70.869278	4	0.003902	0
70.869278	5	0.004878	0
70.869278	6	0.005854	0
70.869278	7	0.006829	0
70.869278	8	0.007805	0
70.869278	9	0.008780	0
70.869278	10	0.009756	0
70.869278	1025	1.000000	1
80.869614	1	0.000976	0
80.869614	2	0.001951	0
80.869614	3	0.002927	0
80.869614	4	0.003902	0
80.869614	5	0.004878	0
80.869614	6	0.005854	0
80.869614	7	0.006829	0
80.869614	8	0.007805	0
80.869614	9	0.008780	0
80.869614	10	0.009756	0
80.869614	1025	1.000000	1
90.870140	1	0.000977	0
90.870140	2	0.001953	0
90.870140	3	0.002930	0
90.870140	4	0.003906	0
90.870140	5	0.004883	0
90.870140	6	0.005859	0
90.870140	7	0.006836	0
90.870140	8	0.007812	0
90.870140	9	0.008789	0
90.870140	10	0.009766	0
90.870140	1024	1.000000	1
100.870583	1	0.000976	0
100.870583	2	0.001951	0
100.870583	3	0.002927	0
100.870583	4	0.003902	0
100.870583	5	0.004878	0
100.870583	6	0.005854	0
100.870583	7	0.006829	0
100.870583	8	0.007805	0
100.870583	9	0.008780	0
100.870583	10	0.009756	0
100.870583	1025	1.000000	1
110.870934	1	0.000976	0
110.870934	2	0.001951	0
110.870934	3	0.002927	0
110.870934	4	0.003902	0
110.870934	5	0.004878	0
110.870934	6	0.005854	0
110.870934	7	0.006829	0
110.870934	8	0.007805	0
110.870934	9	0.008780	0
110.870934	10	0.009756	0
110.870934	1025	1.000000	1
120.871124	1	0.000976	0
120.871124	2	0.001951	0
120.871124	3	0.002927	0
120.871124	4	0.003902	0
120.871124	5	0.004878	0
120.871124	6	0.005854	0
120.871124	7	0.006829	0
120.871124	8	0.007805	0
120.871124	9	0.008780	0
120.871124	10	0.009756	0
120.871124	1025	1.000000	1
130.871567	1	0.000976	0
130.871567	2	0.001951	0
130.871567	3	0.002927	0
130.871567	4	0.003902	0
130.871567	5	0.004878	0
130.871567	6	0.005854	0
130.871567	7	0.006829	0
130.871567	8	0.007805	0
130.871567	9	0.008780	0
130.871567	10	0.009756	0
130.871567	1025	1.000000	1
140.871918	1	0.000976	0
140.871918	2	0.001951	0
140.871918	3	0.002927	0
140.871918	4	0.003902	0
140.871918	5	0.004878	0
140.871918	6	0.005854	0
140.871918	7	0.006829	0
140.871918	8	0.007805	0
140.871918	9	0.008780	0
140.871918	10	0.009756	0
140.871918	1025	1.000000	1
150.872208	1	0.000976	0
150.872208	2	0.001951	0
150.872208	3	0.002927	0
150.872208	4	0.003902	0
150.872208	5	0.004878	0
150.872208	6	0.005854	0
150.872208	7	0.006829	0
150.872208	8	0.007805	0
150.872208	9	0.008780	0
150.872208	10	0.009756	0
150.872208	1025	1.000000	1
160.872696	1	0.000976	0
160.872696	2	0.001951	0
160.872696	3	0.002927	0
160.872696	4	0.003902	0
160.872696	5	0.004878	0
160.872696	6	0.005854	0
160.872696	7	0.006829	0
160.872696	8	0.007805	0
160.872696	9	0.008780	0
160.872696	10	0.009756	0
160.872696	1025	1.000000	1
170.873123	1	0.000975	0
170.873123	2	0.001949	0
170.873123	3	0.002924	0
170.873123	4	0.003899	0
170.873123	5	0.004873	0
170.873123	6	0.005848	0
170.873123	7	0.006823	0
170.873123	8	0.007797	0
170.873123	9	0.008772	0
170.873123	10	0.009747	0
170.873123	1026	1.000000	1
180.873581	1	0.000976	1
180.873581	2	0.001951	0
180.873581	3	0.002927	0
180.873581	4	0.003902	0
180.873581	5	0.004878	0
180.873581	6	0.005854	0
180.873581	7	0.006829	0
180.873581	8	0.007805	0
180.873581	9	0.008780	0
180.873581	10	0.009756	0
180.873581	1024	0.999024	1
190.873901	1	0.000977	0
190.873901	2	0.001953	0
190.873901	3	0.002930	0
190.873901	4	0.003906	0
190.873901	5	0.004883	0
190.873901	6	0.005859	0
190.873901	7	0.006836	0
190.873901	8	0.007812	0
190.873901	9	0.008789	0
190.873901	10	0.009766	0
190.873901	1024	1.000000	1
200.874359	1	0.000977	1
200.874359	2	0.001953	0
200.874359	3	0.002930	0
200.874359	4	0.003906	0
200.874359	5	0.004883	0
200.874359	6	0.005859	0
200.874359	7	0.006836	0
200.874359	8	0.007812	0
200.874359	9	0.008789	0
200.874359	10	0.009766	0
200.874359	1023	0.999023	1
210.874847	1	0.000976	0
210.874847	2	0.001951	0
210.874847	3	0.002927	0
210.874847	4	0.003902	0
210.874847	5	0.004878	0
210.874847	6	0.005854	0
210.874847	7	0.006829	0
210.874847	8	0.007805	0
210.874847	9	0.008780	0
210.874847	10	0.009756	0
210.874847	1025	1.000000	1
220.875198	1	0.000976	1
220.875198	2	0.001951	0
220.875198	3	0.002927	0
220.875198	4	0.003902	0
220.875198	5	0.004878	0
220.875198	6	0.005854	0
220.875198	7	0.006829	0
220.875198	8	0.007805	0
220.875198	9	0.008780	0
220.875198	10	0.009756	0
220.875198	1024	0.999024	1
230.875732	1	0.000976	1
230.875732	2	0.001951	0
230.875732	3	0.002927	0
230.875732	4	0.003902	0
230.875732	5	0.004878	0
230.875732	6	0.005854	0
230.875732	7	0.006829	0
230.875732	8	0.007805	0
230.875732	9	0.008780	0
230.875732	10	0.009756	0
230.875732	1024	0.999024	1
240.876450	1	0.000977	0
240.876450	2	0.001953	0
240.876450	3	0.002930	0
240.876450	4	0.003906	0
240.876450	5	0.004883	0
240.876450	6	0.005859	0
240.876450	7	0.006836	0
240.876450	8	0.007812	0
240.876450	9	0.008789	0
240.876450	10	0.009766	0
240.876450	1024	1.000000	1
250.877121	1	0.000977	0
250.877121	2	0.001953	0
250.877121	3	0.002930	0
250.877121	4	0.003906	0
250.877121	5	0.004883	0
250.877121	6	0.005859	0
250.877121	7	0.006836	0
250.877121	8	0.007812	0
250.877121	9	0.008789	0
250.877121	10	0.009766	0
250.877121	1024	1.000000	1
260.877472	1	0.000976	0
260.877472	2	0.001951	0
260.877472	3	0.002927	0
260.877472	4	0.003902	0
260.877472	5	0.004878	0
260.877472	6	0.005854	0
260.877472	7	0.006829	0
260.877472	8	0.007805	0
260.877472	9	0.008780	0
260.877472	10	0.009756	0
260.877472	1025	1.000000	1
270.877838	1	0.000976	0
270.877838	2	0.001951	0
270.877838	3	0.002927	0
270.877838	4	0.003902	0
270.877838	5	0.004878	0
270.877838	6	0.005854	0
270.877838	7	0.006829	0
270.877838	8	0.007805	0
270.877838	9	0.008780	0
270.877838	10	0.009756	0
270.877838	1025	1.000000	1
280.878296	1	0.000976	0
280.878296	2	0.001951	0
280.878296	3	0.002927	0
280.878296	4	0.003902	0
280.878296	5	0.004878	0
280.878296	6	0.005854	0
280.878296	7	0.006829	0
280.878296	8	0.007805	0
280.878296	9	0.008780	0
280.878296	10	0.009756	0
280.878296	1025	1.000000	1
290.878448	1	0.000977	0
290.878448	2	0.001953	0
290.878448	3	0.002930	0
290.878448	4	0.003906	0
290.878448	5	0.004883	0
290.878448	6	0.005859	0
290.878448	7	0.006836	0
290.878448	8	0.007812	0
290.878448	9	0.008789	0
290.878448	10	0.009766	0
290.878448	1024	1.000000	1
300.878693	1	0.000976	0
300.878693	2	0.001951	0
300.878693	3	0.002927	0
300.878693	4	0.003902	0
300.878693	5	0.004878	0
300.878693	6	0.005854	0
300.878693	7	0.006829	0
300.878693	8	0.007805	0
300.878693	9	0.008780	0
300.878693	10	0.009756	0
300.878693	1025	1.000000	1
310.878845	1	0.000976	0
310.878845	2	0.001951	0
310.878845	3	0.002927	0
310.878845	4	0.003902	0
310.878845	5	0.004878	0
310.878845	6	0.005854	0
310.878845	7	0.006829	0
310.878845	8	0.007805	0
310.878845	9	0.008780	0
310.878845	10	0.009756	0
310.878845	1025	1.000000	1
320.879150	1	0.000976	1
320.879150	2	0.001951	0
320.879150	3	0.002927	0
320.879150	4	0.003902	0
320.879150	5	0.004878	0
320.879150	6	0.005854	0
320.879150	7	0.006829	0
320.879150	8	0.007805	0
320.879150	9	0.008780	0
320.879150	10	0.009756	0
320.879150	1024	0.999024	1
330.879333	1	0.000976	0
330.879333	2	0.001951	0
330.879333	3	0.002927	0
330.879333	4	0.003902	0
330.879333	5	0.004878	0
330.879333	6	0.005854	0
330.879333	7	0.006829	0
330.879333	8	0.007805	0
330.879333	9	0.008780	0
330.879333	10	0.009756	0
330.879333	1025	1.000000	1
340.879700	1	0.000976	0
340.879700	2	0.001951	0
340.879700	3	0.002927	0
340.879700	4	0.003902	0
340.879700	5	0.004878	0
340.879700	6	0.005854	0
340.879700	7	0.006829	0
340.879700	8	0.007805	0
340.879700	9	0.008780	0
340.879700	10	0.009756	0
340.879700	1025	1.000000	1
350.880035	1	0.000976	0
350.880035	2	0.001951	0
350.880035	3	0.002927	0
350.880035	4	0.003902	0
350.880035	5	0.004878	0
350.880035	6	0.005854	0
350.880035	7	0.006829	0
350.880035	8	0.007805	0
350.880035	9	0.008780	0
350.880035	10	0.009756	0
350.880035	1025	1.000000	1
360.880432	1	0.000976	0
360.880432	2	0.001951	0
360.880432	3	0.002927	0
360.880432	4	0.003902	0
360.880432	5	0.004878	0
360.880432	6	0.005854	0
360.880432	7	0.006829	0
360.880432	8	0.007805	0
360.880432	9	0.008780	0
360.880432	10	0.009756	0
360.880432	1025	1.000000	1
370.880737	1	0.000976	0
370.880737	2	0.001951	0
370.880737	3	0.002927	0
370.880737	4	0.003902	0
370.880737	5	0.004878	0
370.880737	6	0.005854	0
370.880737	7	0.006829	0
370.880737	8	0.007805	0
370.880737	9	0.008780	0
370.880737	10	0.009756	0
370.880737	1025	1.000000	1
380.881042	1	0.000976	0
380.881042	2	0.001951	0
380.881042	3	0.002927	0
380.881042	4	0.003902	0
380.881042	5	0.004878	0
380.881042	6	0.005854	0
380.881042	7	0.006829	0
380.881042	8	0.007805	0
380.881042	9	0.008780	0
380.881042	10	0.009756	0
380.881042	1025	1.000000	1
390.881378	1	0.000976	0
390.881378	2	0.001951	0
390.881378	3	0.002927	0
390.881378	4	0.003902	0
390.881378	5	0.004878	0
390.881378	6	0.005854	0
390.881378	7	0.006829	0
390.881378	8	0.007805	0
390.881378	9	0.008780	0
390.881378	10	0.009756	0
390.881378	1025	1.000000	1
400.881683	1	0.000976	0
400.881683	2	0.001951	0
400.881683	3	0.002927	0
400.881683	4	0.003902	0
400.881683	5	0.004878	0
400.881683	6	0.005854	0
400.881683	7	0.006829	0
400.881683	8	0.007805	0
400.881683	9	0.008780	0
400.881683	10	0.009756	0
400.881683	1025	1.000000	1
410.881927	1	0.000976	0
410.881927	2	0.001951	0
410.881927	3	0.002927	0
410.881927	4	0.003902	0
410.881927	5	0.004878	0
410.881927	6	0.005854	0
410.881927	7	0.006829	0
410.881927	8	0.007805	0
410.881927	9	0.008780	0
410.881927	10	0.009756	0
410.881927	1025	1.000000	1
420.882324	1	0.000976	0
420.882324	2	0.001951	0
420.882324	3	0.002927	0
420.882324	4	0.003902	0
420.882324	5	0.004878	0
420.882324	6	0.005854	0
420.882324	7	0.006829	0
420.882324	8	0.007805	0
420.882324	9	0.008780	0
420.882324	10	0.009756	0
420.882324	1025	1.000000	1
430.882660	1	0.000976	0
430.882660	2	0.001951	0
430.882660	3	0.002927	0
430.882660	4	0.003902	0
430.882660	5	0.004878	0
430.882660	6	0.005854	0
430.882660	7	0.006829	0
430.882660	8	0.007805	0
430.882660	9	0.008780	0
430.882660	10	0.009756	0
430.882660	1025	1.000000	1
440.883301	1	0.000976	1
440.883301	2	0.001951	0
440.883301	3	0.002927	0
440.883301	4	0.003902	0
440.883301	5	0.004878	0
440.883301	6	0.005854	0
440.883301	7	0.006829	0
440.883301	8	0.007805	0
440.883301	9	0.008780	0
440.883301	10	0.009756	0
440.883301	1024	0.999024	1
450.883575	1	0.000976	0
450.883575	2	0.001951	0
450.883575	3	0.002927	0
450.883575	4	0.003902	0
450.883575	5	0.004878	0
450.883575	6	0.005854	0
450.883575	7	0.006829	0
450.883575	8	0.007805	0
450.883575	9	0.008780	0
450.883575	10	0.009756	0
450.883575	1025	1.000000	1
460.883911	1	0.000976	1
460.883911	2	0.001951	0
460.883911	3	0.002927	0
460.883911	4	0.003902	0
460.883911	5	0.004878	0
460.883911	6	0.005854	0
460.883911	7	0.006829	0
460.883911	8	0.007805	0
460.883911	9	0.008780	0
460.883911	10	0.009756	0
460.883911	1024	0.999024	1
470.884247	1	0.000976	0
470.884247	2	0.001951	0
470.884247	3	0.002927	0
470.884247	4	0.003902	0
470.884247	5	0.004878	0
470.884247	6	0.005854	0
470.884247	7	0.006829	0
470.884247	8	0.007805	0
470.884247	9	0.008780	0
470.884247	10	0.009756	0
470.884247	1025	1.000000	1
480.884613	1	0.000976	0
480.884613	2	0.001951	0
480.884613	3	0.002927	0
480.884613	4	0.003902	0
480.884613	5	0.004878	0
480.884613	6	0.005854	0
480.884613	7	0.006829	0
480.884613	8	0.007805	0
480.884613	9	0.008780	0
480.884613	10	0.009756	0
480.884613	1025	1.000000	1
490.884827	1	0.000976	0
490.884827	2	0.001951	0
490.884827	3	0.002927	0
490.884827	4	0.003902	0
490.884827	5	0.004878	0
490.884827	6	0.005854	0
490.884827	7	0.006829	0
490.884827	8	0.007805	0
490.884827	9	0.008780	0
490.884827	10	0.009756	0
490.884827	1025	1.000000	1
500.885193	1	0.000976	1
500.885193	2	0.001951	0
500.885193	3	0.002927	0
500.885193	4	0.003902	0
500.885193	5	0.004878	0
500.885193	6	0.005854	0
500.885193	7	0.006829	0
500.885193	8	0.007805	0
500.885193	9	0.008780	0
500.885193	10	0.009756	0
500.885193	1024	0.999024	1
510.885590	1	0.000976	0
510.885590	2	0.001951	0
510.885590	3	0.002927	0
510.885590	4	0.003902	0
510.885590	5	0.004878	0
510.885590	6	0.005854	0
510.885590	7	0.006829	0
510.885590	8	0.007805	0
510.885590	9	0.008780	0
510.885590	10	0.009756	0
510.885590	1025	1.000000	1
520.885803	1	0.000977	0
520.885803	2	0.001953	0
520.885803	3	0.002930	0
520.885803	4	0.003906	0
520.885803	5	0.004883	0
520.885803	6	0.005859	0
520.885803	7	0.006836	0
520.885803	8	0.007812	0
520.885803	9	0.008789	0
520.885803	10	0.009766	0
520.885803	1024	1.000000	1
530.886108	1	0.000976	0
530.886108	2	0.001951	0
530.886108	3	0.002927	0
530.886108	4	0.003902	0
530.886108	5	0.004878	0
530.886108	6	0.005854	0
530.886108	7	0.006829	0
530.886108	8	0.007805	0
530.886108	9	0.008780	0
530.886108	10	0.009756	0
530.886108	1025	1.000000	1
540.886475	1	0.000976	0
540.886475	2	0.001951	0
540.886475	3	0.002927	0
540.886475	4	0.003902	0
540.886475	5	0.004878	0
540.886475	6	0.005854	0
540.886475	7	0.006829	0
540.886475	8	0.007805	0
540.886475	9	0.008780	0
540.886475	10	0.009756	0
540.886475	1025	1.000000	1
550.887146	1	0.000976	0
550.887146	2	0.001951	0
550.887146	3	0.002927	0
550.887146	4	0.003902	0
550.887146	5	0.004878	0
550.887146	6	0.005854	0
550.887146	7	0.006829	0
550.887146	8	0.007805	0
550.887146	9	0.008780	0
550.887146	10	0.009756	0
550.887146	1025	1.000000	1
560.887512	1	0.000977	1
560.887512	2	0.001953	0
560.887512	3	0.002930	0
560.887512	4	0.003906	0
560.887512	5	0.004883	0
560.887512	6	0.005859	0
560.887512	7	0.006836	0
560.887512	8	0.007812	0
560.887512	9	0.008789	0
560.887512	10	0.009766	0
560.887512	1023	0.999023	1
570.887878	1	0.000975	0
570.887878	2	0.001949	0
570.887878	3	0.002924	0
570.887878	4	0.003899	0
570.887878	5	0.004873	0
570.887878	6	0.005848	0
570.887878	7	0.006823	0
570.887878	8	0.007797	0
570.887878	9	0.008772	0
570.887878	10	0.009747	0
570.887878	1026	1.000000	1
580.888306	1	0.000976	1
580.888306	2	0.001951	0
580.888306	3	0.002927	0
580.888306	4	0.003902	0
580.888306	5	0.004878	0
580.888306	6	0.005854	0
580.888306	7	0.006829	0
580.888306	8	0.007805	0
580.888306	9	0.008780	0
580.888306	10	0.009756	0
580.888306	1024	0.999024	1
590.888733	1	0.000976	0
590.888733	2	0.001951	0
590.888733	3	0.002927	0
590.888733	4	0.003902	0
590.888733	5	0.004878	0
590.888733	6	0.005854	0
590.888733	7	0.006829	0
590.888733	8	0.007805	0
590.888733	9	0.008780	0
590.888733	10	0.009756	0
590.888733	1025	1.000000	1
600.889282	1	0.000976	1
600.889282	2	0.001951	0
600.889282	3	0.002927	0
600.889282	4	0.003902	0
600.889282	5	0.004878	0
600.889282	6	0.005854	0
600.889282	7	0.006829	0
600.889282	8	0.007805	0
600.889282	9	0.008780	0
600.889282	10	0.009756	0
600.889282	1024	0.999024	1
610.889648	1	0.000976	0
610.889648	2	0.001951	0
610.889648	3	0.002927	0
610.889648	4	0.003902	0
610.889648	5	0.004878	0
610.889648	6	0.005854	0
610.889648	7	0.006829	0
610.889648	8	0.007805	0
610.889648	9	0.008780	0
610.889648	10	0.009756	0
610.889648	1025	1.000000	1
620.890198	1	0.000977	1
620.890198	2	0.001953	0
620.890198	3	0.002930	0
620.890198	4	0.003906	0
620.890198	5	0.004883	0
620.890198	6	0.005859	0
620.890198	7	0.006836	0
620.890198	8	0.007812	0
620.890198	9	0.008789	0
620.890198	10	0.009766	0
620.890198	1023	0.999023	1
630.890442	1	0.000976	0
630.890442	2	0.001951	0
630.890442	3	0.002927	0
630.890442	4	0.003902	0
630.890442	5	0.004878	0
630.890442	6	0.005854	0
630.890442	7	0.006829	0
630.890442	8	0.007805	0
630.890442	9	0.008780	0
630.890442	10	0.009756	0
630.890442	1025	1.000000	1
640.890686	1	0.000976	1
640.890686	2	0.001951	0
640.890686	3	0.002927	0
640.890686	4	0.003902	0
640.890686	5	0.004878	0
640.890686	6	0.005854	0
640.890686	7	0.006829	0
640.890686	8	0.007805	0
640.890686	9	0.008780	0
640.890686	10	0.009756	0
640.890686	1024	0.999024	1
650.890869	1	0.000976	0
650.890869	2	0.001951	0
650.890869	3	0.002927	0
650.890869	4	0.003902	0
650.890869	5	0.004878	0
650.890869	6	0.005854	0
650.890869	7	0.006829	0
650.890869	8	0.007805	0
650.890869	9	0.008780	0
650.890869	10	0.009756	0
650.890869	1025	1.000000	1
660.891296	1	0.000976	0
660.891296	2	0.001951	0
660.891296	3	0.002927	0
660.891296	4	0.003902	0
660.891296	5	0.004878	0
660.891296	6	0.005854	0
660.891296	7	0.006829	0
660.891296	8	0.007805	0
660.891296	9	0.008780	0
660.891296	10	0.009756	0
660.891296	1025	1.000000	1
670.891785	1	0.000976	0
670.891785	2	0.001951	0
670.891785	3	0.002927	0
670.891785	4	0.003902	0
670.891785	5	0.004878	0
670.891785	6	0.005854	0
670.891785	7	0.006829	0
670.891785	8	0.007805	0
670.891785	9	0.008780	0
670.891785	10	0.009756	0
670.891785	1025	1.000000	1
680.892029	1	0.000976	1
680.892029	2	0.001951	0
680.892029	3	0.002927	0
680.892029	4	0.003902	0
680.892029	5	0.004878	0
680.892029	6	0.005854	0
680.892029	7	0.006829	0
680.892029	8	0.007805	0
680.892029	9	0.008780	0
680.892029	10	0.009756	0
680.892029	1024	0.999024	1
690.892578	1	0.000976	0
690.892578	2	0.001951	0
690.892578	3	0.002927	0
690.892578	4	0.003902	0
690.892578	5	0.004878	0
690.892578	6	0.005854	0
690.892578	7	0.006829	0
690.892578	8	0.007805	0
690.892578	9	0.008780	0
690.892578	10	0.009756	0
690.892578	1025	1.000000	1
700.893127	1	0.000976	0
700.893127	2	0.001951	0
700.893127	3	0.002927	0
700.893127	4	0.003902	0
700.893127	5	0.004878	0
700.893127	6	0.005854	0
700.893127	7	0.006829	0
700.893127	8	0.007805	0
700.893127	9	0.008780	0
700.893127	10	0.009756	0
700.893127	1025	1.000000	1
710.893555	1	0.000976	0
710.893555	2	0.001951	0
710.893555	3	0.002927	0
710.893555	4	0.003902	0
710.893555	5	0.004878	0
710.893555	6	0.005854	0
710.893555	7	0.006829	0
710.893555	8	0.007805	0
710.893555	9	0.008780	0
710.893555	10	0.009756	0
710.893555	1025	1.000000	1
720.894104	1	0.000976	0
720.894104	2	0.001951	0
720.894104	3	0.002927	0
720.894104	4	0.003902	0
720.894104	5	0.004878	0
720.894104	6	0.005854	0
720.894104	7	0.006829	0
720.894104	8	0.007805	0
720.894104	9	0.008780	0
720.894104	10	0.009756	0
720.894104	1025	1.000000	1
730.894409	1	0.000976	0
730.894409	2	0.001951	0
730.894409	3	0.002927	0
730.894409	4	0.003902	0
730.894409	5	0.004878	0
730.894409	6	0.005854	0
730.894409	7	0.006829	0
730.894409	8	0.007805	0
730.894409	9	0.008780	0
730.894409	10	0.009756	0
730.894409	1025	1.000000	1
740.894897	1	0.000976	0
740.894897	2	0.001951	0
740.894897	3	0.002927	0
740.894897	4	0.003902	0
740.894897	5	0.004878	0
740.894897	6	0.005854	0
740.894897	7	0.006829	0
740.894897	8	0.007805	0
740.894897	9	0.008780	0
740.894897	10	0.009756	0
740.894897	1025	1.000000	1
750.895142	1	0.000976	1
750.895142	2	0.001951	0
750.895142	3	0.002927	0
750.895142	4	0.003902	0
750.895142	5	0.004878	0
750.895142	6	0.005854	0
750.895142	7	0.006829	0
750.895142	8	0.007805	0
750.895142	9	0.008780	0
750.895142	10	0.009756	0
750.895142	1024	0.999024	1
760.895203	1	0.000977	0
760.895203	2	0.001953	0
760.895203	3	0.002930	0
760.895203	4	0.003906	0
760.895203	5	0.004883	0
760.895203	6	0.005859	0
760.895203	7	0.006836	0
760.895203	8	0.007812	0
760.895203	9	0.008789	0
760.895203	10	0.009766	0
760.895203	1024	1.000000	1
770.895508	1	0.000976	2
770.895508	2	0.001951	0
770.895508	3	0.002927	0
770.895508	4	0.003902	0
770.895508	5	0.004878	0
770.895508	6	0.005854	0
770.895508	7	0.006829	0
770.895508	8	0.007805	0
770.895508	9	0.008780	0
770.895508	10	0.009756	0
770.895508	1023	0.998049	1
780.896118	1	0.000976	0
780.896118	2	0.001951	0
780.896118	3	0.002927	0
780.896118	4	0.003902	0
780.896118	5	0.004878	0
780.896118	6	0.005854	0
780.896118	7	0.006829	0
780.896118	8	0.007805	0
780.896118	9	0.008780	0
780.896118	10	0.009756	0
780.896118	1025	1.000000	1
790.896545	1	0.000977	0
790.896545	2	0.001953	0
790.896545	3	0.002930	0
790.896545	4	0.003906	0
790.896545	5	0.004883	0
790.896545	6	0.005859	0
790.896545	7	0.006836	0
790.896545	8	0.007812	0
790.896545	9	0.008789	0
790.896545	10	0.009766	0
790.896545	1024	1.000000	1
800.896912	1	0.000977	0
800.896912	2	0.001953	0
800.896912	3	0.002930	0
800.896912	4	0.003906	0
800.896912	5	0.004883	0
800.896912	6	0.005859	0
800.896912	7	0.006836	0
800.896912	8	0.007812	0
800.896912	9	0.008789	0
800.896912	10	0.009766	0
800.896912	1024	1.000000	1
810.897217	1	0.000977	0
810.897217	2	0.001953	0
810.897217	3	0.002930	0
810.897217	4	0.003906	0
810.897217	5	0.004883	0
810.897217	6	0.005859	0
810.897217	7	0.006836	0
810.897217	8	0.007812	0
810.897217	9	0.008789	0
810.897217	10	0.009766	0
810.897217	1024	1.000000	1
820.897522	1	0.000976	0
820.897522	2	0.001951	0
820.897522	3	0.002927	0
820.897522	4	0.003902	0
820.897522	5	0.004878	0
820.897522	6	0.005854	0
820.897522	7	0.006829	0
820.897522	8	0.007805	0
820.897522	9	0.008780	0
820.897522	10	0.009756	0
820.897522	1025	1.000000	1
830.898376	1	0.000976	0
830.898376	2	0.001951	0
830.898376	3	0.002927	0
830.898376	4	0.003902	0
830.898376	5	0.004878	0
830.898376	6	0.005854	0
830.898376	7	0.006829	0
830.898376	8	0.007805	0
830.898376	9	0.008780	0
830.898376	10	0.009756	0
830.898376	1025	1.000000	1
840.898621	1	0.000976	0
840.898621	2	0.001951	0
840.898621	3	0.002927	0
840.898621	4	0.003902	0
840.898621	5	0.004878	0
840.898621	6	0.005854	0
840.898621	7	0.006829	0
840.898621	8	0.007805	0
840.898621	9	0.008780	0
840.898621	10	0.009756	0
840.898621	1025	1.000000	1
850.899048	1	0.000976	0
850.899048	2	0.001951	0
850.899048	3	0.002927	0
850.899048	4	0.003902	0
850.899048	5	0.004878	0
850.899048	6	0.005854	0
850.899048	7	0.006829	0
850.899048	8	0.007805	0
850.899048	9	0.008780	0
850.899048	10	0.009756	0
850.899048	1025	1.000000	1
860.899597	1	0.000976	0
860.899597	2	0.001951	0
860.899597	3	0.002927	0
860.899597	4	0.003902	0
860.899597	5	0.004878	0
860.899597	6	0.005854	0
860.899597	7	0.006829	0
860.899597	8	0.007805	0
860.899597	9	0.008780	0
860.899597	10	0.009756	0
860.899597	1025	1.000000	1
870.899780	1	0.000976	0
870.899780	2	0.001951	0
870.899780	3	0.002927	0
870.899780	4	0.003902	0
870.899780	5	0.004878	0
870.899780	6	0.005854	0
870.899780	7	0.006829	0
870.899780	8	0.007805	0
870.899780	9	0.008780	0
870.899780	10	0.009756	0
870.899780	1025	1.000000	1
880.900330	1	0.000976	0
880.900330	2	0.001951	0
880.900330	3	0.002927	0
880.900330	4	0.003902	0
880.900330	5	0.004878	0
880.900330	6	0.005854	0
880.900330	7	0.006829	0
880.900330	8	0.007805	0
880.900330	9	0.008780	0
880.900330	10	0.009756	0
880.900330	1025	1.000000	1
890.900696	1	0.000976	0
890.900696	2	0.001951	0
890.900696	3	0.002927	0
890.900696	4	0.003902	0
890.900696	5	0.004878	0
890.900696	6	0.005854	0
890.900696	7	0.006829	0
890.900696	8	0.007805	0
890.900696	9	0.008780	0
890.900696	10	0.009756	0
890.900696	1025	1.000000	1
900.901001	1	0.000976	0
900.901001	2	0.001951	0
900.901001	3	0.002927	0
900.901001	4	0.003902	0
900.901001	5	0.004878	0
900.901001	6	0.005854	0
900.901001	7	0.006829	0
900.901001	8	0.007805	0
900.901001	9	0.008780	0
900.901001	10	0.009756	0
900.901001	1025	1.000000	1
910.901306	1	0.000976	0
910.901306	2	0.001951	0
910.901306	3	0.002927	0
910.901306	4	0.003902	0
910.901306	5	0.004878	0
910.901306	6	0.005854	0
910.901306	7	0.006829	0
910.901306	8	0.007805	0
910.901306	9	0.008780	0
910.901306	10	0.009756	0
910.901306	1025	1.000000	1
920.901489	1	0.000976	0
920.901489	2	0.001951	0
920.901489	3	0.002927	0
920.901489	4	0.003902	0
920.901489	5	0.004878	0
920.901489	6	0.005854	0
920.901489	7	0.006829	0
920.901489	8	0.007805	0
920.901489	9	0.008780	0
920.901489	10	0.009756	0
920.901489	1025	1.000000	1
930.901978	1	0.000976	0
930.901978	2	0.001951	0
930.901978	3	0.002927	0
930.901978	4	0.003902	0
930.901978	5	0.004878	0
930.901978	6	0.005854	0
930.901978	7	0.006829	0
930.901978	8	0.007805	0
930.901978	9	0.008780	0
930.901978	10	0.009756	0
930.901978	1025	1.000000	1
940.902283	1	0.000976	1
940.902283	2	0.001951	0
940.902283	3	0.002927	0
940.902283	4	0.003902	0
940.902283	5	0.004878	0
940.902283	6	0.005854	0
940.902283	7	0.006829	0
940.902283	8	0.007805	0
940.902283	9	0.008780	0
940.902283	10	0.009756	0
940.902283	1024	0.999024	1
950.902527	1	0.000977	0
950.902527	2	0.001953	0
950.902527	3	0.002930	0
950.902527	4	0.003906	0
950.902527	5	0.004883	0
950.902527	6	0.005859	0
950.902527	7	0.006836	0
950.902527	8	0.007812	0
950.902527	9	0.008789	0
950.902527	10	0.009766	0
950.902527	1024	1.000000	1
960.903137	1	0.000977	0
960.903137	2	0.001953	0
960.903137	3	0.002930	0
960.903137	4	0.003906	0
960.903137	5	0.004883	0
960.903137	6	0.005859	0
960.903137	7	0.006836	0
960.903137	8	0.007812	0
960.903137	9	0.008789	0
960.903137	10	0.009766	0
960.903137	1024	1.000000	1
970.903442	1	0.000976	0
970.903442	2	0.001951	0
970.903442	3	0.002927	0
970.903442	4	0.003902	0
970.903442	5	0.004878	0
970.903442	6	0.005854	0
970.903442	7	0.006829	0
970.903442	8	0.007805	0
970.903442	9	0.008780	0
970.903442	10	0.009756	0
970.903442	1025	1.000000	1
980.903748	1	0.000976	1
980.903748	2	0.001951	0
980.903748	3	0.002927	0
980.903748	4	0.003902	0
980.903748	5	0.004878	0
980.903748	6	0.005854	0
980.903748	7	0.006829	0
980.903748	8	0.007805	0
980.903748	9	0.008780	0
980.903748	10	0.009756	0
980.903748	1024	0.999024	1
990.904053	1	0.000976	1
990.904053	2	0.001951	0
990.904053	3	0.002927	0
990.904053	4	0.003902	0
990.904053	5	0.004878	0
990.904053	6	0.005854	0
990.904053	7	0.006829	0
990.904053	8	0.007805	0
990.904053	9	0.008780	0
990.904053	10	0.009756	0
990.904053	1024	0.999024	1
1000.000000	1	0.000976	0
1000.000000	2	0.001951	0
1000.000000	3	0.002927	0
1000.000000	4	0.003902	0
1000.000000	5	0.004878	0
1000.000000	6	0.005854	0
1000.000000	7	0.006829	0
1000.000000	8	0.007805	0
1000.000000	9	0.008780	0
1000.000000	10	0.009756	0
1000.000000	1025	1.000000	1
