Generation	Size	Frequency	Count
0.000000	1	1.000000	1
0.000000	2	2.000000	0
0.000000	3	3.000000	0
0.000000	4	4.000000	0
0.000000	5	5.000000	0
0.000000	6	6.000000	0
0.000000	7	7.000000	0
0.000000	8	8.000000	0
0.000000	9	9.000000	0
0.000000	10	10.000000	0
10.867301	1	0.000976	83
10.867301	2	0.001951	36
10.867301	3	0.002927	18
10.867301	4	0.003902	17
10.867301	5	0.004878	6
10.867301	6	0.005854	10
10.867301	7	0.006829	9
10.867301	8	0.007805	2
10.867301	9	0.008780	6
10.867301	10	0.009756	5
10.867301	12	0.011707	6
10.867301	14	0.013659	2
10.867301	18	0.017561	3
10.867301	13	0.012683	4
10.867301	35	0.034146	1
10.867301	17	0.016585	1
10.867301	15	0.014634	3
10.867301	24	0.023415	1
10.867301	38	0.037073	1
10.867301	23	0.022439	1
10.867301	11	0.010732	4
10.867301	22	0.021463	1
10.867301	21	0.020488	1
20.867601	1	0.000976	84
20.867601	2	0.001951	39
20.867601	3	0.002927	29
20.867601	4	0.003902	17
20.867601	5	0.004878	12
20.867601	6	0.005854	12
20.867601	7	0.006829	7
20.867601	8	0.007805	2
20.867601	9	0.008780	6
20.867601	10	0.009756	5
20.867601	25	0.024390	1
20.867601	16	0.015610	4
20.867601	20	0.019512	2
20.867601	13	0.012683	2
20.867601	11	0.010732	2
20.867601	12	0.011707	3
20.867601	15	0.014634	1
20.867601	23	0.022439	1
20.867601	33	0.032195	2
20.867601	19	0.018537	2
20.867601	17	0.016585	1
20.867601	35	0.034146	1
30.867849	1	0.000976	79
30.867849	2	0.001951	27
30.867849	3	0.002927	26
30.867849	4	0.003902	14
30.867849	5	0.004878	8
30.867849	6	0.005854	9
30.867849	7	0.006829	8
30.867849	8	0.007805	6
30.867849	9	0.008780	1
30.867849	10	0.009756	1
30.867849	23	0.022439	2
30.867849	24	0.023415	1
30.867849	25	0.024390	1
30.867849	17	0.016585	1
30.867849	14	0.013659	2
30.867849	13	0.012683	3
30.867849	29	0.028293	1
30.867849	16	0.015610	2
30.867849	40	0.039024	1
30.867849	19	0.018537	1
30.867849	12	0.011707	2
30.867849	11	0.010732	3
30.867849	26	0.025366	1
30.867849	20	0.019512	2
30.867849	32	0.031220	1
30.867849	30	0.029268	1
30.867849	15	0.014634	1
30.867849	42	0.040976	1
40.868191	1	0.000976	78
40.868191	2	0.001951	31
40.868191	3	0.002927	30
40.868191	4	0.003902	11
40.868191	5	0.004878	17
40.868191	6	0.005854	12
40.868191	7	0.006829	5
40.868191	8	0.007805	3
40.868191	9	0.008780	5
40.868191	10	0.009756	4
40.868191	12	0.011707	4
40.868191	26	0.025366	1
40.868191	11	0.010732	2
40.868191	47	0.045854	1
40.868191	16	0.015610	3
40.868191	34	0.033171	1
40.868191	32	0.031220	1
40.868191	53	0.051707	1
40.868191	24	0.023415	1
40.868191	30	0.029268	1
40.868191	14	0.013659	2
40.868191	13	0.012683	2
40.868191	17	0.016585	1
40.868191	15	0.014634	1
50.868393	1	0.000977	108
50.868393	2	0.001953	42
50.868393	3	0.002930	18
50.868393	4	0.003906	15
50.868393	5	0.004883	15
50.868393	6	0.005859	8
50.868393	7	0.006836	8
50.868393	8	0.007812	4
50.868393	9	0.008789	3
50.868393	10	0.009766	2
50.868393	18	0.017578	4
50.868393	12	0.011719	4
50.868393	20	0.019531	1
50.868393	43	0.041992	1
50.868393	13	0.012695	3
50.868393	17	0.016602	3
50.868393	14	0.013672	1
50.868393	27	0.026367	1
50.868393	30	0.029297	1
50.868393	31	0.030273	1
50.868393	19	0.018555	1
50.868393	35	0.034180	1
50.868393	16	0.015625	1
50.868393	15	0.014648	1
60.868828	1	0.000976	82
60.868828	2	0.001951	32
60.868828	3	0.002927	20
60.868828	4	0.003902	10
60.868828	5	0.004878	12
60.868828	6	0.005854	6
60.868828	7	0.006829	8
60.868828	8	0.007805	9
60.868828	9	0.008780	5
60.868828	10	0.009756	6
60.868828	28	0.027317	1
60.868828	11	0.010732	4
60.868828	45	0.043902	1
60.868828	22	0.021463	1
60.868828	12	0.011707	5
60.868828	17	0.016585	1
60.868828	24	0.023415	2
60.868828	21	0.020488	1
60.868828	37	0.036098	1
60.868828	14	0.013659	2
60.868828	18	0.017561	1
60.868828	30	0.029268	1
60.868828	33	0.032195	1
60.868828	19	0.018537	1
70.869278	1	0.000976	85
70.869278	2	0.001951	41
70.869278	3	0.002927	28
70.869278	4	0.003902	27
70.869278	5	0.004878	15
70.869278	6	0.005854	9
70.869278	7	0.006829	7
70.869278	8	0.007805	9
70.869278	9	0.008780	3
70.869278	10	0.009756	6
70.869278	18	0.017561	1
70.869278	26	0.025366	1
70.869278	11	0.010732	4
70.869278	13	0.012683	4
70.869278	24	0.023415	1
70.869278	23	0.022439	1
70.869278	17	0.016585	1
70.869278	28	0.027317	1
70.869278	12	0.011707	1
70.869278	16	0.015610	2
70.869278	20	0.019512	1
70.869278	33	0.032195	1
80.869614	1	0.000976	79
80.869614	2	0.001951	38
80.869614	3	0.002927	28
80.869614	4	0.003902	17
80.869614	5	0.004878	18
80.869614	6	0.005854	10
80.869614	7	0.006829	5
80.869614	8	0.007805	4
80.869614	9	0.008780	4
80.869614	10	0.009756	3
80.869614	35	0.034146	1
80.869614	34	0.033171	1
80.869614	17	0.016585	2
80.869614	24	0.023415	1
80.869614	26	0.025366	1
80.869614	20	0.019512	1
80.869614	21	0.020488	1
80.869614	14	0.013659	3
80.869614	11	0.010732	2
80.869614	18	0.017561	1
80.869614	12	0.011707	1
80.869614	40	0.039024	1
80.869614	32	0.031220	1
80.869614	29	0.028293	1
80.869614	15	0.014634	2
80.869614	16	0.015610	1
90.870140	1	0.000977	89
90.870140	2	0.001953	42
90.870140	3	0.002930	21
90.870140	4	0.003906	15
90.870140	5	0.004883	7
90.870140	6	0.005859	10
90.870140	7	0.006836	7
90.870140	8	0.007812	4
90.870140	9	0.008789	7
90.870140	10	0.009766	7
90.870140	17	0.016602	1
90.870140	19	0.018555	2
90.870140	18	0.017578	2
90.870140	12	0.011719	3
90.870140	31	0.030273	1
90.870140	11	0.010742	5
90.870140	29	0.028320	2
90.870140	22	0.021484	1
90.870140	16	0.015625	3
90.870140	25	0.024414	1
90.870140	14	0.013672	1
90.870140	13	0.012695	3
100.870583	1	0.000976	87
100.870583	2	0.001951	43
100.870583	3	0.002927	12
100.870583	4	0.003902	11
100.870583	5	0.004878	14
100.870583	6	0.005854	9
100.870583	7	0.006829	7
100.870583	8	0.007805	7
100.870583	9	0.008780	5
100.870583	10	0.009756	2
100.870583	30	0.029268	1
100.870583	13	0.012683	5
100.870583	14	0.013659	4
100.870583	16	0.015610	3
100.870583	18	0.017561	4
100.870583	17	0.016585	3
100.870583	24	0.023415	2
100.870583	12	0.011707	3
100.870583	15	0.014634	2
100.870583	11	0.010732	2
100.870583	20	0.019512	1
110.870934	1	0.000976	70
110.870934	2	0.001951	31
110.870934	3	0.002927	23
110.870934	4	0.003902	18
110.870934	5	0.004878	10
110.870934	6	0.005854	11
110.870934	7	0.006829	8
110.870934	8	0.007805	4
110.870934	9	0.008780	1
110.870934	10	0.009756	6
110.870934	15	0.014634	2
110.870934	21	0.020488	2
110.870934	30	0.029268	2
110.870934	25	0.024390	1
110.870934	11	0.010732	7
110.870934	17	0.016585	3
110.870934	14	0.013659	4
110.870934	18	0.017561	2
110.870934	13	0.012683	3
110.870934	31	0.030244	1
110.870934	20	0.019512	1
110.870934	12	0.011707	1
120.871124	1	0.000976	76
120.871124	2	0.001951	29
120.871124	3	0.002927	23
120.871124	4	0.003902	16
120.871124	5	0.004878	17
120.871124	6	0.005854	8
120.871124	7	0.006829	3
120.871124	8	0.007805	9
120.871124	9	0.008780	5
120.871124	10	0.009756	5
120.871124	15	0.014634	3
120.871124	17	0.016585	3
120.871124	33	0.032195	1
120.871124	11	0.010732	3
120.871124	12	0.011707	5
120.871124	19	0.018537	1
120.871124	13	0.012683	3
120.871124	25	0.024390	1
120.871124	24	0.023415	3
120.871124	28	0.027317	1
120.871124	16	0.015610	2
130.871567	1	0.000976	93
130.871567	2	0.001951	37
130.871567	3	0.002927	22
130.871567	4	0.003902	14
130.871567	5	0.004878	6
130.871567	6	0.005854	10
130.871567	7	0.006829	13
130.871567	8	0.007805	8
130.871567	9	0.008780	8
130.871567	10	0.009756	4
130.871567	11	0.010732	3
130.871567	16	0.015610	3
130.871567	12	0.011707	3
130.871567	17	0.016585	2
130.871567	14	0.013659	4
130.871567	28	0.027317	1
130.871567	33	0.032195	1
130.871567	13	0.012683	1
130.871567	31	0.030244	1
130.871567	20	0.019512	1
130.871567	21	0.020488	1
130.871567	26	0.025366	1
140.871918	1	0.000976	86
140.871918	2	0.001951	35
140.871918	3	0.002927	17
140.871918	4	0.003902	21
140.871918	5	0.004878	17
140.871918	6	0.005854	4
140.871918	7	0.006829	5
140.871918	8	0.007805	10
140.871918	9	0.008780	6
140.871918	10	0.009756	4
140.871918	11	0.010732	4
140.871918	15	0.014634	1
140.871918	26	0.025366	3
140.871918	36	0.035122	1
140.871918	14	0.013659	3
140.871918	17	0.016585	2
140.871918	13	0.012683	1
140.871918	21	0.020488	1
140.871918	19	0.018537	3
140.871918	30	0.029268	1
140.871918	28	0.027317	1
140.871918	18	0.017561	1
150.872208	1	0.000976	69
150.872208	2	0.001951	42
150.872208	3	0.002927	16
150.872208	4	0.003902	20
150.872208	5	0.004878	15
150.872208	6	0.005854	13
150.872208	7	0.006829	11
150.872208	8	0.007805	5
150.872208	9	0.008780	3
150.872208	10	0.009756	7
150.872208	17	0.016585	1
150.872208	24	0.023415	1
150.872208	16	0.015610	1
150.872208	30	0.029268	1
150.872208	13	0.012683	3
150.872208	12	0.011707	2
150.872208	19	0.018537	2
150.872208	15	0.014634	1
150.872208	11	0.010732	5
150.872208	21	0.020488	1
150.872208	31	0.030244	1
150.872208	22	0.021463	1
150.872208	20	0.019512	1
150.872208	25	0.024390	1
160.872696	1	0.000976	67
160.872696	2	0.001951	37
160.872696	3	0.002927	26
160.872696	4	0.003902	21
160.872696	5	0.004878	17
160.872696	6	0.005854	9
160.872696	7	0.006829	5
160.872696	8	0.007805	5
160.872696	9	0.008780	3
160.872696	10	0.009756	4
160.872696	15	0.014634	2
160.872696	18	0.017561	1
160.872696	13	0.012683	4
160.872696	12	0.011707	6
160.872696	11	0.010732	4
160.872696	21	0.020488	2
160.872696	27	0.026341	2
160.872696	22	0.021463	1
160.872696	68	0.066341	1
160.872696	14	0.013659	1
160.872696	25	0.024390	1
170.873123	1	0.000975	81
170.873123	2	0.001949	51
170.873123	3	0.002924	22
170.873123	4	0.003899	16
170.873123	5	0.004873	12
170.873123	6	0.005848	14
170.873123	7	0.006823	7
170.873123	8	0.007797	5
170.873123	9	0.008772	8
170.873123	10	0.009747	5
170.873123	24	0.023392	1
170.873123	16	0.015595	3
170.873123	15	0.014620	3
170.873123	20	0.019493	2
170.873123	23	0.022417	1
170.873123	26	0.025341	1
170.873123	28	0.027290	1
170.873123	14	0.013645	2
170.873123	12	0.011696	2
170.873123	22	0.021442	1
170.873123	19	0.018519	1
170.873123	31	0.030214	1
180.873581	1	0.000976	66
180.873581	2	0.001951	57
180.873581	3	0.002927	21
180.873581	4	0.003902	19
180.873581	5	0.004878	12
180.873581	6	0.005854	6
180.873581	7	0.006829	15
180.873581	8	0.007805	9
180.873581	9	0.008780	2
180.873581	10	0.009756	2
180.873581	19	0.018537	1
180.873581	16	0.015610	1
180.873581	11	0.010732	4
180.873581	20	0.019512	1
180.873581	17	0.016585	2
180.873581	62	0.060488	1
180.873581	15	0.014634	1
180.873581	30	0.029268	1
180.873581	27	0.026341	1
180.873581	28	0.027317	1
180.873581	18	0.017561	1
180.873581	12	0.011707	1
180.873581	32	0.031220	1
180.873581	24	0.023415	1
180.873581	14	0.013659	1
190.873901	1	0.000977	63
190.873901	2	0.001953	37
190.873901	3	0.002930	25
190.873901	4	0.003906	10
190.873901	5	0.004883	14
190.873901	6	0.005859	12
190.873901	7	0.006836	8
190.873901	8	0.007812	5
190.873901	9	0.008789	5
190.873901	10	0.009766	5
190.873901	11	0.010742	6
190.873901	21	0.020508	2
190.873901	19	0.018555	3
190.873901	24	0.023438	2
190.873901	13	0.012695	3
190.873901	20	0.019531	1
190.873901	18	0.017578	1
190.873901	15	0.014648	2
190.873901	27	0.026367	1
190.873901	17	0.016602	1
190.873901	26	0.025391	1
190.873901	12	0.011719	2
190.873901	25	0.024414	1
200.874359	1	0.000977	78
200.874359	2	0.001953	24
200.874359	3	0.002930	19
200.874359	4	0.003906	14
200.874359	5	0.004883	13
200.874359	6	0.005859	8
200.874359	7	0.006836	8
200.874359	8	0.007812	5
200.874359	9	0.008789	12
200.874359	10	0.009766	3
200.874359	11	0.010742	4
200.874359	24	0.023438	3
200.874359	12	0.011719	2
200.874359	15	0.014648	2
200.874359	16	0.015625	2
200.874359	17	0.016602	3
200.874359	38	0.037109	1
200.874359	21	0.020508	1
200.874359	22	0.021484	1
200.874359	23	0.022461	1
200.874359	13	0.012695	1
200.874359	34	0.033203	1
200.874359	20	0.019531	1
200.874359	14	0.013672	1
210.874847	1	0.000976	89
210.874847	2	0.001951	29
210.874847	3	0.002927	27
210.874847	4	0.003902	18
210.874847	5	0.004878	10
210.874847	6	0.005854	7
210.874847	7	0.006829	6
210.874847	8	0.007805	9
210.874847	9	0.008780	2
210.874847	10	0.009756	5
210.874847	30	0.029268	1
210.874847	19	0.018537	2
210.874847	28	0.027317	2
210.874847	13	0.012683	1
210.874847	14	0.013659	3
210.874847	24	0.023415	1
210.874847	16	0.015610	3
210.874847	26	0.025366	2
210.874847	31	0.030244	1
210.874847	21	0.020488	1
210.874847	11	0.010732	3
210.874847	18	0.017561	1
210.874847	22	0.021463	1
210.874847	23	0.022439	1
220.875198	1	0.000976	82
220.875198	2	0.001951	27
220.875198	3	0.002927	16
220.875198	4	0.003902	15
220.875198	5	0.004878	9
220.875198	6	0.005854	11
220.875198	7	0.006829	3
220.875198	8	0.007805	7
220.875198	9	0.008780	3
220.875198	10	0.009756	4
220.875198	11	0.010732	4
220.875198	32	0.031220	1
220.875198	42	0.040976	1
220.875198	13	0.012683	4
220.875198	16	0.015610	4
220.875198	14	0.013659	2
220.875198	17	0.016585	2
220.875198	26	0.025366	1
220.875198	21	0.020488	1
220.875198	12	0.011707	1
220.875198	19	0.018537	2
220.875198	28	0.027317	1
220.875198	18	0.017561	1
220.875198	27	0.026341	1
220.875198	15	0.014634	4
230.875732	1	0.000976	83
230.875732	2	0.001951	38
230.875732	3	0.002927	19
230.875732	4	0.003902	14
230.875732	5	0.004878	9
230.875732	6	0.005854	11
230.875732	7	0.006829	8
230.875732	8	0.007805	6
230.875732	9	0.008780	5
230.875732	10	0.009756	4
230.875732	16	0.015610	4
230.875732	13	0.012683	1
230.875732	15	0.014634	1
230.875732	14	0.013659	2
230.875732	40	0.039024	1
230.875732	17	0.016585	2
230.875732	25	0.024390	1
230.875732	20	0.019512	1
230.875732	26	0.025366	2
230.875732	22	0.021463	1
230.875732	18	0.017561	2
230.875732	19	0.018537	2
230.875732	21	0.020488	1
230.875732	12	0.011707	1
230.875732	11	0.010732	3
240.876450	1	0.000977	87
240.876450	2	0.001953	40
240.876450	3	0.002930	30
240.876450	4	0.003906	13
240.876450	5	0.004883	11
240.876450	6	0.005859	6
240.876450	7	0.006836	8
240.876450	8	0.007812	6
240.876450	9	0.008789	5
240.876450	10	0.009766	4
240.876450	15	0.014648	2
240.876450	21	0.020508	2
240.876450	17	0.016602	2
240.876450	11	0.010742	4
240.876450	25	0.024414	2
240.876450	22	0.021484	1
240.876450	12	0.011719	6
240.876450	13	0.012695	1
240.876450	14	0.013672	1
240.876450	16	0.015625	2
240.876450	19	0.018555	2
240.876450	24	0.023438	1
240.876450	20	0.019531	1
250.877121	1	0.000977	87
250.877121	2	0.001953	36
250.877121	3	0.002930	24
250.877121	4	0.003906	18
250.877121	5	0.004883	13
250.877121	6	0.005859	8
250.877121	7	0.006836	7
250.877121	8	0.007812	8
250.877121	9	0.008789	4
250.877121	10	0.009766	6
250.877121	20	0.019531	1
250.877121	11	0.010742	2
250.877121	22	0.021484	1
250.877121	18	0.017578	3
250.877121	44	0.042969	1
250.877121	24	0.023438	2
250.877121	29	0.028320	1
250.877121	12	0.011719	2
250.877121	17	0.016602	1
250.877121	27	0.026367	1
250.877121	16	0.015625	1
250.877121	25	0.024414	2
250.877121	13	0.012695	2
260.877472	1	0.000976	80
260.877472	2	0.001951	35
260.877472	3	0.002927	24
260.877472	4	0.003902	15
260.877472	5	0.004878	14
260.877472	6	0.005854	11
260.877472	7	0.006829	6
260.877472	8	0.007805	5
260.877472	9	0.008780	3
260.877472	10	0.009756	6
260.877472	47	0.045854	1
260.877472	20	0.019512	3
260.877472	28	0.027317	2
260.877472	11	0.010732	3
260.877472	15	0.014634	2
260.877472	12	0.011707	2
260.877472	22	0.021463	1
260.877472	25	0.024390	1
260.877472	29	0.028293	1
260.877472	17	0.016585	1
260.877472	18	0.017561	1
260.877472	14	0.013659	2
260.877472	33	0.032195	1
260.877472	16	0.015610	1
270.877838	1	0.000976	99
270.877838	2	0.001951	43
270.877838	3	0.002927	20
270.877838	4	0.003902	18
270.877838	5	0.004878	8
270.877838	6	0.005854	7
270.877838	7	0.006829	4
270.877838	8	0.007805	11
270.877838	9	0.008780	5
270.877838	10	0.009756	2
270.877838	14	0.013659	3
270.877838	13	0.012683	5
270.877838	36	0.035122	1
270.877838	11	0.010732	5
270.877838	26	0.025366	2
270.877838	18	0.017561	1
270.877838	55	0.053659	1
270.877838	16	0.015610	1
270.877838	21	0.020488	1
270.877838	27	0.026341	1
270.877838	15	0.014634	2
270.877838	28	0.027317	1
280.878296	1	0.000976	90
280.878296	2	0.001951	50
280.878296	3	0.002927	20
280.878296	4	0.003902	20
280.878296	5	0.004878	12
280.878296	6	0.005854	11
280.878296	7	0.006829	9
280.878296	8	0.007805	5
280.878296	9	0.008780	6
280.878296	10	0.009756	1
280.878296	12	0.011707	6
280.878296	19	0.018537	2
280.878296	18	0.017561	1
280.878296	37	0.036098	1
280.878296	34	0.033171	1
280.878296	28	0.027317	1
280.878296	11	0.010732	4
280.878296	22	0.021463	1
280.878296	30	0.029268	1
280.878296	13	0.012683	2
280.878296	15	0.014634	1
280.878296	21	0.020488	1
280.878296	17	0.016585	1
290.878448	1	0.000977	81
290.878448	2	0.001953	37
290.878448	3	0.002930	23
290.878448	4	0.003906	18
290.878448	5	0.004883	11
290.878448	6	0.005859	14
290.878448	7	0.006836	7
290.878448	8	0.007812	5
290.878448	9	0.008789	2
290.878448	10	0.009766	5
290.878448	23	0.022461	1
290.878448	20	0.019531	3
290.878448	15	0.014648	1
290.878448	11	0.010742	5
290.878448	13	0.012695	5
290.878448	16	0.015625	2
290.878448	12	0.011719	4
290.878448	19	0.018555	1
290.878448	24	0.023438	2
290.878448	32	0.031250	1
290.878448	21	0.020508	1
290.878448	14	0.013672	1
300.878693	1	0.000976	78
300.878693	2	0.001951	32
300.878693	3	0.002927	12
300.878693	4	0.003902	23
300.878693	5	0.004878	8
300.878693	6	0.005854	12
300.878693	7	0.006829	2
300.878693	8	0.007805	4
300.878693	9	0.008780	2
300.878693	10	0.009756	5
300.878693	46	0.044878	1
300.878693	60	0.058537	1
300.878693	18	0.017561	2
300.878693	28	0.027317	3
300.878693	29	0.028293	1
300.878693	16	0.015610	1
300.878693	17	0.016585	3
300.878693	45	0.043902	1
300.878693	14	0.013659	2
300.878693	33	0.032195	1
300.878693	19	0.018537	1
300.878693	11	0.010732	1
300.878693	13	0.012683	1
300.878693	23	0.022439	2
300.878693	12	0.011707	1
310.878845	1	0.000976	69
310.878845	2	0.001951	41
310.878845	3	0.002927	25
310.878845	4	0.003902	13
310.878845	5	0.004878	10
310.878845	6	0.005854	10
310.878845	7	0.006829	5
310.878845	8	0.007805	12
310.878845	9	0.008780	6
310.878845	10	0.009756	3
310.878845	23	0.022439	1
310.878845	14	0.013659	1
310.878845	17	0.016585	2
310.878845	58	0.056585	1
310.878845	20	0.019512	2
310.878845	16	0.015610	2
310.878845	11	0.010732	3
310.878845	15	0.014634	1
310.878845	12	0.011707	6
310.878845	28	0.027317	1
310.878845	18	0.017561	2
310.878845	37	0.036098	1
320.879150	1	0.000976	92
320.879150	2	0.001951	41
320.879150	3	0.002927	20
320.879150	4	0.003902	11
320.879150	5	0.004878	12
320.879150	6	0.005854	7
320.879150	7	0.006829	4
320.879150	8	0.007805	5
320.879150	9	0.008780	4
320.879150	10	0.009756	1
320.879150	17	0.016585	3
320.879150	12	0.011707	2
320.879150	14	0.013659	2
320.879150	22	0.021463	2
320.879150	20	0.019512	1
320.879150	47	0.045854	1
320.879150	41	0.040000	1
320.879150	16	0.015610	2
320.879150	11	0.010732	7
320.879150	28	0.027317	1
320.879150	34	0.033171	1
320.879150	19	0.018537	2
320.879150	15	0.014634	1
320.879150	39	0.038049	1
320.879150	13	0.012683	1
330.879333	1	0.000976	75
330.879333	2	0.001951	35
330.879333	3	0.002927	18
330.879333	4	0.003902	12
330.879333	5	0.004878	12
330.879333	6	0.005854	8
330.879333	7	0.006829	6
330.879333	8	0.007805	3
330.879333	9	0.008780	7
330.879333	10	0.009756	4
330.879333	57	0.055610	1
330.879333	12	0.011707	5
330.879333	17	0.016585	1
330.879333	16	0.015610	1
330.879333	22	0.021463	2
330.879333	13	0.012683	3
330.879333	14	0.013659	1
330.879333	29	0.028293	1
330.879333	24	0.023415	1
330.879333	53	0.051707	1
330.879333	23	0.022439	1
330.879333	19	0.018537	1
330.879333	11	0.010732	1
330.879333	15	0.014634	2
330.879333	20	0.019512	2
330.879333	25	0.024390	1
340.879700	1	0.000976	71
340.879700	2	0.001951	33
340.879700	3	0.002927	27
340.879700	4	0.003902	14
340.879700	5	0.004878	16
340.879700	6	0.005854	10
340.879700	7	0.006829	6
340.879700	8	0.007805	9
340.879700	9	0.008780	5
340.879700	10	0.009756	3
340.879700	16	0.015610	1
340.879700	11	0.010732	7
340.879700	14	0.013659	2
340.879700	42	0.040976	1
340.879700	34	0.033171	1
340.879700	13	0.012683	2
340.879700	18	0.017561	3
340.879700	19	0.018537	1
340.879700	24	0.023415	1
340.879700	12	0.011707	2
340.879700	17	0.016585	2
340.879700	23	0.022439	1
340.879700	21	0.020488	1
350.880035	1	0.000976	82
350.880035	2	0.001951	34
350.880035	3	0.002927	25
350.880035	4	0.003902	8
350.880035	5	0.004878	8
350.880035	6	0.005854	13
350.880035	7	0.006829	5
350.880035	8	0.007805	13
350.880035	9	0.008780	2
350.880035	10	0.009756	1
350.880035	12	0.011707	5
350.880035	14	0.013659	3
350.880035	22	0.021463	3
350.880035	11	0.010732	4
350.880035	19	0.018537	1
350.880035	18	0.017561	4
350.880035	17	0.016585	2
350.880035	34	0.033171	1
350.880035	39	0.038049	1
350.880035	13	0.012683	1
350.880035	31	0.030244	1
350.880035	29	0.028293	1
360.880432	1	0.000976	70
360.880432	2	0.001951	28
360.880432	3	0.002927	17
360.880432	4	0.003902	21
360.880432	5	0.004878	15
360.880432	6	0.005854	4
360.880432	7	0.006829	9
360.880432	8	0.007805	4
360.880432	9	0.008780	1
360.880432	10	0.009756	2
360.880432	41	0.040000	1
360.880432	45	0.043902	1
360.880432	33	0.032195	2
360.880432	13	0.012683	1
360.880432	16	0.015610	2
360.880432	14	0.013659	2
360.880432	21	0.020488	2
360.880432	17	0.016585	3
360.880432	18	0.017561	1
360.880432	12	0.011707	2
360.880432	47	0.045854	1
360.880432	30	0.029268	2
360.880432	25	0.024390	1
360.880432	27	0.026341	1
360.880432	11	0.010732	2
370.880737	1	0.000976	75
370.880737	2	0.001951	24
370.880737	3	0.002927	20
370.880737	4	0.003902	9
370.880737	5	0.004878	12
370.880737	6	0.005854	12
370.880737	7	0.006829	6
370.880737	8	0.007805	5
370.880737	9	0.008780	3
370.880737	10	0.009756	4
370.880737	15	0.014634	3
370.880737	18	0.017561	1
370.880737	12	0.011707	4
370.880737	16	0.015610	2
370.880737	36	0.035122	1
370.880737	13	0.012683	3
370.880737	51	0.049756	1
370.880737	64	0.062439	1
370.880737	37	0.036098	1
370.880737	25	0.024390	1
370.880737	19	0.018537	2
370.880737	17	0.016585	2
370.880737	11	0.010732	1
370.880737	20	0.019512	1
370.880737	27	0.026341	1
380.881042	1	0.000976	84
380.881042	2	0.001951	29
380.881042	3	0.002927	21
380.881042	4	0.003902	20
380.881042	5	0.004878	10
380.881042	6	0.005854	11
380.881042	7	0.006829	4
380.881042	8	0.007805	4
380.881042	9	0.008780	4
380.881042	10	0.009756	4
380.881042	23	0.022439	1
380.881042	17	0.016585	1
380.881042	37	0.036098	1
380.881042	13	0.012683	3
380.881042	25	0.024390	3
380.881042	19	0.018537	1
380.881042	16	0.015610	2
380.881042	12	0.011707	6
380.881042	20	0.019512	1
380.881042	29	0.028293	1
380.881042	14	0.013659	3
380.881042	22	0.021463	1
380.881042	24	0.023415	1
380.881042	15	0.014634	1
380.881042	11	0.010732	2
390.881378	1	0.000976	85
390.881378	2	0.001951	37
390.881378	3	0.002927	14
390.881378	4	0.003902	19
390.881378	5	0.004878	13
390.881378	6	0.005854	7
390.881378	7	0.006829	2
390.881378	8	0.007805	6
390.881378	9	0.008780	5
390.881378	10	0.009756	1
390.881378	39	0.038049	2
390.881378	24	0.023415	1
390.881378	35	0.034146	1
390.881378	15	0.014634	2
390.881378	25	0.024390	1
390.881378	27	0.026341	1
390.881378	21	0.020488	1
390.881378	14	0.013659	4
390.881378	13	0.012683	2
390.881378	11	0.010732	5
390.881378	12	0.011707	3
390.881378	29	0.028293	1
390.881378	16	0.015610	3
390.881378	17	0.016585	2
400.881683	1	0.000976	82
400.881683	2	0.001951	38
400.881683	3	0.002927	32
400.881683	4	0.003902	15
400.881683	5	0.004878	8
400.881683	6	0.005854	9
400.881683	7	0.006829	4
400.881683	8	0.007805	11
400.881683	9	0.008780	4
400.881683	10	0.009756	2
400.881683	28	0.027317	1
400.881683	39	0.038049	1
400.881683	11	0.010732	6
400.881683	17	0.016585	4
400.881683	18	0.017561	2
400.881683	22	0.021463	1
400.881683	24	0.023415	1
400.881683	26	0.025366	1
400.881683	14	0.013659	1
400.881683	13	0.012683	2
400.881683	33	0.032195	1
400.881683	16	0.015610	2
400.881683	19	0.018537	1
400.881683	12	0.011707	1
410.881927	1	0.000976	81
410.881927	2	0.001951	47
410.881927	3	0.002927	25
410.881927	4	0.003902	13
410.881927	5	0.004878	9
410.881927	6	0.005854	9
410.881927	7	0.006829	10
410.881927	8	0.007805	3
410.881927	9	0.008780	6
410.881927	10	0.009756	4
410.881927	21	0.020488	2
410.881927	12	0.011707	6
410.881927	28	0.027317	1
410.881927	11	0.010732	3
410.881927	24	0.023415	3
410.881927	26	0.025366	1
410.881927	31	0.030244	1
410.881927	13	0.012683	2
410.881927	14	0.013659	1
410.881927	16	0.015610	2
410.881927	15	0.014634	1
410.881927	22	0.021463	1
410.881927	23	0.022439	1
420.882324	1	0.000976	83
420.882324	2	0.001951	41
420.882324	3	0.002927	27
420.882324	4	0.003902	12
420.882324	5	0.004878	12
420.882324	6	0.005854	17
420.882324	7	0.006829	8
420.882324	8	0.007805	9
420.882324	9	0.008780	4
420.882324	10	0.009756	7
420.882324	30	0.029268	2
420.882324	12	0.011707	2
420.882324	31	0.030244	1
420.882324	27	0.026341	1
420.882324	23	0.022439	1
420.882324	28	0.027317	1
420.882324	17	0.016585	1
420.882324	11	0.010732	2
420.882324	13	0.012683	2
420.882324	15	0.014634	3
420.882324	18	0.017561	1
420.882324	14	0.013659	1
430.882660	1	0.000976	88
430.882660	2	0.001951	44
430.882660	3	0.002927	27
430.882660	4	0.003902	16
430.882660	5	0.004878	19
430.882660	6	0.005854	9
430.882660	7	0.006829	11
430.882660	8	0.007805	7
430.882660	9	0.008780	5
430.882660	10	0.009756	3
430.882660	17	0.016585	2
430.882660	14	0.013659	1
430.882660	13	0.012683	5
430.882660	28	0.027317	1
430.882660	18	0.017561	1
430.882660	22	0.021463	1
430.882660	12	0.011707	2
430.882660	16	0.015610	1
430.882660	11	0.010732	4
430.882660	56	0.054634	1
430.882660	26	0.025366	1
440.883301	1	0.000976	71
440.883301	2	0.001951	37
440.883301	3	0.002927	22
440.883301	4	0.003902	28
440.883301	5	0.004878	11
440.883301	6	0.005854	8
440.883301	7	0.006829	8
440.883301	8	0.007805	9
440.883301	9	0.008780	4
440.883301	10	0.009756	4
440.883301	18	0.017561	2
440.883301	14	0.013659	7
440.883301	13	0.012683	3
440.883301	19	0.018537	2
440.883301	24	0.023415	1
440.883301	15	0.014634	2
440.883301	22	0.021463	1
440.883301	12	0.011707	1
440.883301	21	0.020488	2
440.883301	23	0.022439	1
440.883301	20	0.019512	1
440.883301	11	0.010732	1
450.883575	1	0.000976	65
450.883575	2	0.001951	32
450.883575	3	0.002927	22
450.883575	4	0.003902	9
450.883575	5	0.004878	7
450.883575	6	0.005854	9
450.883575	7	0.006829	6
450.883575	8	0.007805	11
450.883575	9	0.008780	5
450.883575	10	0.009756	2
450.883575	35	0.034146	1
450.883575	12	0.011707	3
450.883575	31	0.030244	1
450.883575	61	0.059512	1
450.883575	11	0.010732	3
450.883575	25	0.024390	3
450.883575	28	0.027317	1
450.883575	18	0.017561	4
450.883575	43	0.041951	1
450.883575	16	0.015610	1
450.883575	13	0.012683	2
450.883575	14	0.013659	2
450.883575	26	0.025366	1
460.883911	1	0.000976	75
460.883911	2	0.001951	41
460.883911	3	0.002927	17
460.883911	4	0.003902	19
460.883911	5	0.004878	12
460.883911	6	0.005854	6
460.883911	7	0.006829	7
460.883911	8	0.007805	8
460.883911	9	0.008780	2
460.883911	10	0.009756	0
460.883911	25	0.024390	2
460.883911	16	0.015610	3
460.883911	12	0.011707	3
460.883911	28	0.027317	1
460.883911	14	0.013659	2
460.883911	17	0.016585	3
460.883911	24	0.023415	1
460.883911	29	0.028293	1
460.883911	13	0.012683	3
460.883911	18	0.017561	2
460.883911	21	0.020488	2
460.883911	11	0.010732	2
460.883911	44	0.042927	1
460.883911	22	0.021463	1
460.883911	15	0.014634	1
470.884247	1	0.000976	91
470.884247	2	0.001951	36
470.884247	3	0.002927	25
470.884247	4	0.003902	11
470.884247	5	0.004878	10
470.884247	6	0.005854	13
470.884247	7	0.006829	7
470.884247	8	0.007805	9
470.884247	9	0.008780	4
470.884247	10	0.009756	1
470.884247	13	0.012683	4
470.884247	16	0.015610	3
470.884247	25	0.024390	1
470.884247	41	0.040000	1
470.884247	11	0.010732	6
470.884247	21	0.020488	1
470.884247	24	0.023415	1
470.884247	18	0.017561	2
470.884247	12	0.011707	3
470.884247	19	0.018537	2
470.884247	22	0.021463	2
470.884247	17	0.016585	1
480.884613	1	0.000976	91
480.884613	2	0.001951	36
480.884613	3	0.002927	28
480.884613	4	0.003902	18
480.884613	5	0.004878	8
480.884613	6	0.005854	9
480.884613	7	0.006829	12
480.884613	8	0.007805	6
480.884613	9	0.008780	5
480.884613	10	0.009756	5
480.884613	14	0.013659	1
480.884613	22	0.021463	2
480.884613	34	0.033171	1
480.884613	29	0.028293	1
480.884613	17	0.016585	3
480.884613	18	0.017561	2
480.884613	11	0.010732	3
480.884613	28	0.027317	1
480.884613	16	0.015610	2
480.884613	13	0.012683	1
480.884613	12	0.011707	4
480.884613	23	0.022439	1
490.884827	1	0.000976	73
490.884827	2	0.001951	38
490.884827	3	0.002927	26
490.884827	4	0.003902	15
490.884827	5	0.004878	12
490.884827	6	0.005854	15
490.884827	7	0.006829	5
490.884827	8	0.007805	7
490.884827	9	0.008780	4
490.884827	10	0.009756	4
490.884827	35	0.034146	1
490.884827	17	0.016585	1
490.884827	25	0.024390	1
490.884827	26	0.025366	2
490.884827	44	0.042927	2
490.884827	15	0.014634	2
490.884827	12	0.011707	1
490.884827	24	0.023415	1
490.884827	38	0.037073	1
490.884827	16	0.015610	2
490.884827	20	0.019512	1
490.884827	14	0.013659	1
490.884827	23	0.022439	1
490.884827	11	0.010732	1
500.885193	1	0.000976	73
500.885193	2	0.001951	32
500.885193	3	0.002927	15
500.885193	4	0.003902	14
500.885193	5	0.004878	8
500.885193	6	0.005854	15
500.885193	7	0.006829	7
500.885193	8	0.007805	4
500.885193	9	0.008780	6
500.885193	10	0.009756	5
500.885193	44	0.042927	1
500.885193	19	0.018537	5
500.885193	23	0.022439	1
500.885193	21	0.020488	1
500.885193	31	0.030244	1
500.885193	18	0.017561	2
500.885193	14	0.013659	2
500.885193	17	0.016585	1
500.885193	11	0.010732	5
500.885193	27	0.026341	1
500.885193	35	0.034146	1
500.885193	22	0.021463	1
500.885193	13	0.012683	2
500.885193	12	0.011707	1
510.885590	1	0.000976	86
510.885590	2	0.001951	31
510.885590	3	0.002927	22
510.885590	4	0.003902	13
510.885590	5	0.004878	8
510.885590	6	0.005854	9
510.885590	7	0.006829	4
510.885590	8	0.007805	7
510.885590	9	0.008780	4
510.885590	10	0.009756	3
510.885590	30	0.029268	2
510.885590	22	0.021463	1
510.885590	13	0.012683	5
510.885590	15	0.014634	4
510.885590	31	0.030244	1
510.885590	18	0.017561	1
510.885590	16	0.015610	3
510.885590	25	0.024390	1
510.885590	14	0.013659	5
510.885590	12	0.011707	2
510.885590	23	0.022439	2
510.885590	35	0.034146	1
510.885590	11	0.010732	1
520.885803	1	0.000977	86
520.885803	2	0.001953	30
520.885803	3	0.002930	29
520.885803	4	0.003906	14
520.885803	5	0.004883	6
520.885803	6	0.005859	11
520.885803	7	0.006836	8
520.885803	8	0.007812	12
520.885803	9	0.008789	7
520.885803	10	0.009766	2
520.885803	28	0.027344	2
520.885803	16	0.015625	3
520.885803	15	0.014648	1
520.885803	20	0.019531	3
520.885803	21	0.020508	1
520.885803	22	0.021484	1
520.885803	11	0.010742	2
520.885803	14	0.013672	2
520.885803	13	0.012695	2
520.885803	12	0.011719	3
520.885803	17	0.016602	3
520.885803	19	0.018555	1
530.886108	1	0.000976	84
530.886108	2	0.001951	34
530.886108	3	0.002927	19
530.886108	4	0.003902	21
530.886108	5	0.004878	12
530.886108	6	0.005854	13
530.886108	7	0.006829	8
530.886108	8	0.007805	7
530.886108	9	0.008780	5
530.886108	10	0.009756	1
530.886108	29	0.028293	2
530.886108	33	0.032195	2
530.886108	17	0.016585	2
530.886108	15	0.014634	2
530.886108	18	0.017561	1
530.886108	11	0.010732	3
530.886108	26	0.025366	1
530.886108	34	0.033171	1
530.886108	19	0.018537	1
530.886108	22	0.021463	1
530.886108	12	0.011707	3
530.886108	23	0.022439	1
530.886108	28	0.027317	1
540.886475	1	0.000976	87
540.886475	2	0.001951	29
540.886475	3	0.002927	21
540.886475	4	0.003902	21
540.886475	5	0.004878	12
540.886475	6	0.005854	9
540.886475	7	0.006829	8
540.886475	8	0.007805	3
540.886475	9	0.008780	2
540.886475	10	0.009756	8
540.886475	11	0.010732	3
540.886475	14	0.013659	1
540.886475	92	0.089756	1
540.886475	15	0.014634	2
540.886475	26	0.025366	2
540.886475	32	0.031220	1
540.886475	13	0.012683	2
540.886475	18	0.017561	1
540.886475	20	0.019512	1
540.886475	19	0.018537	3
540.886475	22	0.021463	1
540.886475	12	0.011707	2
540.886475	21	0.020488	1
550.887146	1	0.000976	88
550.887146	2	0.001951	43
550.887146	3	0.002927	18
550.887146	4	0.003902	12
550.887146	5	0.004878	11
550.887146	6	0.005854	6
550.887146	7	0.006829	6
550.887146	8	0.007805	6
550.887146	9	0.008780	3
550.887146	10	0.009756	5
550.887146	33	0.032195	1
550.887146	12	0.011707	3
550.887146	22	0.021463	1
550.887146	15	0.014634	1
550.887146	28	0.027317	1
550.887146	16	0.015610	3
550.887146	17	0.016585	1
550.887146	18	0.017561	3
550.887146	23	0.022439	2
550.887146	11	0.010732	3
550.887146	19	0.018537	1
550.887146	53	0.051707	1
550.887146	14	0.013659	3
550.887146	24	0.023415	1
550.887146	21	0.020488	1
560.887512	1	0.000977	76
560.887512	2	0.001953	29
560.887512	3	0.002930	25
560.887512	4	0.003906	10
560.887512	5	0.004883	9
560.887512	6	0.005859	13
560.887512	7	0.006836	12
560.887512	8	0.007812	6
560.887512	9	0.008789	3
560.887512	10	0.009766	5
560.887512	14	0.013672	2
560.887512	21	0.020508	1
560.887512	19	0.018555	2
560.887512	32	0.031250	1
560.887512	23	0.022461	1
560.887512	16	0.015625	4
560.887512	20	0.019531	2
560.887512	25	0.024414	1
560.887512	11	0.010742	3
560.887512	18	0.017578	2
560.887512	28	0.027344	1
560.887512	17	0.016602	1
560.887512	33	0.032227	1
560.887512	12	0.011719	1
560.887512	13	0.012695	1
570.887878	1	0.000975	75
570.887878	2	0.001949	36
570.887878	3	0.002924	26
570.887878	4	0.003899	20
570.887878	5	0.004873	12
570.887878	6	0.005848	6
570.887878	7	0.006823	2
570.887878	8	0.007797	6
570.887878	9	0.008772	4
570.887878	10	0.009747	3
570.887878	28	0.027290	1
570.887878	16	0.015595	2
570.887878	17	0.016569	2
570.887878	13	0.012671	4
570.887878	47	0.045809	1
570.887878	23	0.022417	1
570.887878	12	0.011696	5
570.887878	11	0.010721	4
570.887878	14	0.013645	2
570.887878	21	0.020468	1
570.887878	15	0.014620	1
570.887878	19	0.018519	1
570.887878	24	0.023392	1
570.887878	30	0.029240	1
570.887878	18	0.017544	1
570.887878	22	0.021442	1
580.888306	1	0.000976	96
580.888306	2	0.001951	40
580.888306	3	0.002927	16
580.888306	4	0.003902	11
580.888306	5	0.004878	12
580.888306	6	0.005854	8
580.888306	7	0.006829	6
580.888306	8	0.007805	6
580.888306	9	0.008780	2
580.888306	10	0.009756	5
580.888306	19	0.018537	2
580.888306	58	0.056585	1
580.888306	25	0.024390	1
580.888306	15	0.014634	4
580.888306	12	0.011707	2
580.888306	14	0.013659	2
580.888306	18	0.017561	1
580.888306	31	0.030244	1
580.888306	16	0.015610	3
580.888306	30	0.029268	2
580.888306	29	0.028293	1
580.888306	11	0.010732	3
580.888306	13	0.012683	3
590.888733	1	0.000976	64
590.888733	2	0.001951	40
590.888733	3	0.002927	26
590.888733	4	0.003902	14
590.888733	5	0.004878	9
590.888733	6	0.005854	5
590.888733	7	0.006829	8
590.888733	8	0.007805	9
590.888733	9	0.008780	7
590.888733	10	0.009756	2
590.888733	12	0.011707	1
590.888733	13	0.012683	5
590.888733	14	0.013659	4
590.888733	40	0.039024	1
590.888733	22	0.021463	1
590.888733	11	0.010732	2
590.888733	16	0.015610	1
590.888733	43	0.041951	2
590.888733	17	0.016585	1
590.888733	18	0.017561	2
590.888733	20	0.019512	1
590.888733	28	0.027317	1
590.888733	26	0.025366	1
590.888733	15	0.014634	1
600.889282	1	0.000976	66
600.889282	2	0.001951	39
600.889282	3	0.002927	22
600.889282	4	0.003902	16
600.889282	5	0.004878	12
600.889282	6	0.005854	6
600.889282	7	0.006829	7
600.889282	8	0.007805	11
600.889282	9	0.008780	5
600.889282	10	0.009756	1
600.889282	11	0.010732	3
600.889282	32	0.031220	1
600.889282	25	0.024390	1
600.889282	17	0.016585	3
600.889282	33	0.032195	1
600.889282	23	0.022439	1
600.889282	16	0.015610	1
600.889282	15	0.014634	2
600.889282	19	0.018537	1
600.889282	35	0.034146	1
600.889282	12	0.011707	2
600.889282	13	0.012683	3
600.889282	24	0.023415	1
600.889282	52	0.050732	1
600.889282	27	0.026341	1
610.889648	1	0.000976	71
610.889648	2	0.001951	35
610.889648	3	0.002927	25
610.889648	4	0.003902	16
610.889648	5	0.004878	19
610.889648	6	0.005854	6
610.889648	7	0.006829	5
610.889648	8	0.007805	4
610.889648	9	0.008780	3
610.889648	10	0.009756	6
610.889648	15	0.014634	5
610.889648	37	0.036098	1
610.889648	33	0.032195	1
610.889648	19	0.018537	1
610.889648	42	0.040976	1
610.889648	53	0.051707	1
610.889648	20	0.019512	1
610.889648	27	0.026341	1
610.889648	11	0.010732	2
610.889648	23	0.022439	1
610.889648	21	0.020488	1
610.889648	22	0.021463	1
610.889648	13	0.012683	1
610.889648	14	0.013659	2
610.889648	25	0.024390	1
620.890198	1	0.000977	82
620.890198	2	0.001953	25
620.890198	3	0.002930	20
620.890198	4	0.003906	10
620.890198	5	0.004883	11
620.890198	6	0.005859	14
620.890198	7	0.006836	7
620.890198	8	0.007812	5
620.890198	9	0.008789	4
620.890198	10	0.009766	3
620.890198	24	0.023438	3
620.890198	16	0.015625	4
620.890198	28	0.027344	1
620.890198	11	0.010742	3
620.890198	32	0.031250	1
620.890198	22	0.021484	1
620.890198	12	0.011719	3
620.890198	17	0.016602	1
620.890198	20	0.019531	2
620.890198	19	0.018555	1
620.890198	30	0.029297	1
620.890198	37	0.036133	1
620.890198	14	0.013672	1
620.890198	13	0.012695	3
620.890198	15	0.014648	1
630.890442	1	0.000976	68
630.890442	2	0.001951	33
630.890442	3	0.002927	21
630.890442	4	0.003902	10
630.890442	5	0.004878	10
630.890442	6	0.005854	8
630.890442	7	0.006829	4
630.890442	8	0.007805	5
630.890442	9	0.008780	5
630.890442	10	0.009756	4
630.890442	25	0.024390	1
630.890442	45	0.043902	1
630.890442	22	0.021463	2
630.890442	16	0.015610	3
630.890442	17	0.016585	1
630.890442	13	0.012683	2
630.890442	12	0.011707	2
630.890442	41	0.040000	1
630.890442	28	0.027317	2
630.890442	33	0.032195	1
630.890442	14	0.013659	2
630.890442	11	0.010732	4
630.890442	30	0.029268	1
630.890442	15	0.014634	2
630.890442	23	0.022439	2
640.890686	1	0.000976	88
640.890686	2	0.001951	31
640.890686	3	0.002927	18
640.890686	4	0.003902	13
640.890686	5	0.004878	10
640.890686	6	0.005854	6
640.890686	7	0.006829	7
640.890686	8	0.007805	5
640.890686	9	0.008780	5
640.890686	10	0.009756	6
640.890686	11	0.010732	5
640.890686	30	0.029268	2
640.890686	12	0.011707	3
640.890686	18	0.017561	2
640.890686	14	0.013659	3
640.890686	27	0.026341	1
640.890686	16	0.015610	2
640.890686	26	0.025366	1
640.890686	19	0.018537	1
640.890686	20	0.019512	1
640.890686	42	0.040976	1
640.890686	15	0.014634	3
640.890686	23	0.022439	1
640.890686	13	0.012683	2
650.890869	1	0.000976	85
650.890869	2	0.001951	47
650.890869	3	0.002927	21
650.890869	4	0.003902	20
650.890869	5	0.004878	16
650.890869	6	0.005854	9
650.890869	7	0.006829	9
650.890869	8	0.007805	3
650.890869	9	0.008780	2
650.890869	10	0.009756	1
650.890869	17	0.016585	2
650.890869	16	0.015610	1
650.890869	40	0.039024	1
650.890869	18	0.017561	1
650.890869	13	0.012683	2
650.890869	15	0.014634	1
650.890869	12	0.011707	1
650.890869	29	0.028293	1
650.890869	23	0.022439	2
650.890869	21	0.020488	3
650.890869	36	0.035122	1
650.890869	14	0.013659	2
650.890869	11	0.010732	2
650.890869	25	0.024390	2
650.890869	19	0.018537	1
660.891296	1	0.000976	76
660.891296	2	0.001951	37
660.891296	3	0.002927	20
660.891296	4	0.003902	18
660.891296	5	0.004878	15
660.891296	6	0.005854	7
660.891296	7	0.006829	7
660.891296	8	0.007805	1
660.891296	9	0.008780	6
660.891296	10	0.009756	4
660.891296	32	0.031220	1
660.891296	15	0.014634	2
660.891296	13	0.012683	3
660.891296	17	0.016585	4
660.891296	14	0.013659	2
660.891296	24	0.023415	1
660.891296	18	0.017561	2
660.891296	28	0.027317	1
660.891296	16	0.015610	1
660.891296	12	0.011707	3
660.891296	11	0.010732	4
660.891296	22	0.021463	2
660.891296	21	0.020488	1
660.891296	29	0.028293	1
670.891785	1	0.000976	81
670.891785	2	0.001951	42
670.891785	3	0.002927	17
670.891785	4	0.003902	16
670.891785	5	0.004878	11
670.891785	6	0.005854	14
670.891785	7	0.006829	7
670.891785	8	0.007805	4
670.891785	9	0.008780	10
670.891785	10	0.009756	6
670.891785	14	0.013659	4
670.891785	12	0.011707	2
670.891785	39	0.038049	1
670.891785	20	0.019512	1
670.891785	51	0.049756	1
670.891785	13	0.012683	3
670.891785	16	0.015610	1
670.891785	24	0.023415	1
670.891785	15	0.014634	1
670.891785	17	0.016585	2
670.891785	35	0.034146	1
670.891785	11	0.010732	2
680.892029	1	0.000976	69
680.892029	2	0.001951	44
680.892029	3	0.002927	27
680.892029	4	0.003902	22
680.892029	5	0.004878	10
680.892029	6	0.005854	10
680.892029	7	0.006829	5
680.892029	8	0.007805	6
680.892029	9	0.008780	3
680.892029	10	0.009756	3
680.892029	15	0.014634	4
680.892029	11	0.010732	2
680.892029	26	0.025366	2
680.892029	12	0.011707	3
680.892029	22	0.021463	1
680.892029	13	0.012683	4
680.892029	24	0.023415	1
680.892029	19	0.018537	2
680.892029	32	0.031220	1
680.892029	18	0.017561	1
680.892029	27	0.026341	1
680.892029	14	0.013659	1
680.892029	16	0.015610	2
680.892029	20	0.019512	1
690.892578	1	0.000976	77
690.892578	2	0.001951	40
690.892578	3	0.002927	27
690.892578	4	0.003902	22
690.892578	5	0.004878	13
690.892578	6	0.005854	6
690.892578	7	0.006829	5
690.892578	8	0.007805	5
690.892578	9	0.008780	6
690.892578	10	0.009756	5
690.892578	24	0.023415	2
690.892578	35	0.034146	1
690.892578	14	0.013659	3
690.892578	18	0.017561	3
690.892578	32	0.031220	1
690.892578	11	0.010732	2
690.892578	36	0.035122	1
690.892578	25	0.024390	1
690.892578	15	0.014634	2
690.892578	30	0.029268	1
690.892578	12	0.011707	3
690.892578	16	0.015610	1
690.892578	13	0.012683	1
700.893127	1	0.000976	80
700.893127	2	0.001951	46
700.893127	3	0.002927	23
700.893127	4	0.003902	16
700.893127	5	0.004878	10
700.893127	6	0.005854	11
700.893127	7	0.006829	8
700.893127	8	0.007805	4
700.893127	9	0.008780	3
700.893127	10	0.009756	4
700.893127	43	0.041951	1
700.893127	24	0.023415	2
700.893127	17	0.016585	1
700.893127	25	0.024390	1
700.893127	21	0.020488	2
700.893127	28	0.027317	2
700.893127	15	0.014634	3
700.893127	14	0.013659	4
700.893127	18	0.017561	1
700.893127	20	0.019512	1
700.893127	12	0.011707	3
700.893127	19	0.018537	1
700.893127	11	0.010732	1
700.893127	13	0.012683	1
710.893555	1	0.000976	96
710.893555	2	0.001951	34
710.893555	3	0.002927	17
710.893555	4	0.003902	18
710.893555	5	0.004878	12
710.893555	6	0.005854	9
710.893555	7	0.006829	9
710.893555	8	0.007805	6
710.893555	9	0.008780	5
710.893555	10	0.009756	1
710.893555	39	0.038049	1
710.893555	22	0.021463	1
710.893555	15	0.014634	3
710.893555	28	0.027317	1
710.893555	13	0.012683	3
710.893555	21	0.020488	1
710.893555	11	0.010732	5
710.893555	18	0.017561	2
710.893555	16	0.015610	4
710.893555	19	0.018537	2
710.893555	17	0.016585	2
710.893555	23	0.022439	1
710.893555	14	0.013659	1
720.894104	1	0.000976	70
720.894104	2	0.001951	39
720.894104	3	0.002927	25
720.894104	4	0.003902	14
720.894104	5	0.004878	11
720.894104	6	0.005854	9
720.894104	7	0.006829	6
720.894104	8	0.007805	4
720.894104	9	0.008780	6
720.894104	10	0.009756	4
720.894104	26	0.025366	1
720.894104	11	0.010732	3
720.894104	18	0.017561	2
720.894104	16	0.015610	2
720.894104	17	0.016585	2
720.894104	39	0.038049	1
720.894104	24	0.023415	1
720.894104	49	0.047805	1
720.894104	19	0.018537	3
720.894104	27	0.026341	1
720.894104	12	0.011707	1
720.894104	14	0.013659	1
720.894104	22	0.021463	1
720.894104	15	0.014634	2
720.894104	21	0.020488	1
720.894104	13	0.012683	1
730.894409	1	0.000976	83
730.894409	2	0.001951	34
730.894409	3	0.002927	15
730.894409	4	0.003902	20
730.894409	5	0.004878	7
730.894409	6	0.005854	11
730.894409	7	0.006829	7
730.894409	8	0.007805	2
730.894409	9	0.008780	5
730.894409	10	0.009756	2
730.894409	23	0.022439	1
730.894409	13	0.012683	6
730.894409	14	0.013659	4
730.894409	38	0.037073	1
730.894409	12	0.011707	4
730.894409	11	0.010732	4
730.894409	33	0.032195	1
730.894409	35	0.034146	1
730.894409	19	0.018537	1
730.894409	16	0.015610	1
730.894409	24	0.023415	2
730.894409	26	0.025366	1
730.894409	15	0.014634	1
730.894409	18	0.017561	1
730.894409	21	0.020488	1
740.894897	1	0.000976	77
740.894897	2	0.001951	34
740.894897	3	0.002927	27
740.894897	4	0.003902	12
740.894897	5	0.004878	7
740.894897	6	0.005854	2
740.894897	7	0.006829	6
740.894897	8	0.007805	6
740.894897	9	0.008780	7
740.894897	10	0.009756	7
740.894897	15	0.014634	2
740.894897	16	0.015610	1
740.894897	11	0.010732	3
740.894897	13	0.012683	1
740.894897	25	0.024390	2
740.894897	21	0.020488	2
740.894897	18	0.017561	1
740.894897	42	0.040976	1
740.894897	40	0.039024	1
740.894897	17	0.016585	1
740.894897	31	0.030244	2
740.894897	28	0.027317	1
740.894897	12	0.011707	2
740.894897	14	0.013659	2
740.894897	19	0.018537	2
750.895142	1	0.000976	69
750.895142	2	0.001951	48
750.895142	3	0.002927	24
750.895142	4	0.003902	12
750.895142	5	0.004878	8
750.895142	6	0.005854	7
750.895142	7	0.006829	7
750.895142	8	0.007805	6
750.895142	9	0.008780	4
750.895142	10	0.009756	1
750.895142	14	0.013659	2
750.895142	23	0.022439	1
750.895142	77	0.075122	1
750.895142	18	0.017561	1
750.895142	34	0.033171	1
750.895142	27	0.026341	1
750.895142	13	0.012683	4
750.895142	15	0.014634	2
750.895142	12	0.011707	4
750.895142	11	0.010732	2
750.895142	32	0.031220	1
750.895142	24	0.023415	1
750.895142	17	0.016585	1
750.895142	28	0.027317	1
750.895142	39	0.038049	1
750.895142	16	0.015610	1
760.895203	1	0.000977	78
760.895203	2	0.001953	35
760.895203	3	0.002930	22
760.895203	4	0.003906	22
760.895203	5	0.004883	11
760.895203	6	0.005859	6
760.895203	7	0.006836	11
760.895203	8	0.007812	6
760.895203	9	0.008789	2
760.895203	10	0.009766	0
760.895203	24	0.023438	2
760.895203	16	0.015625	3
760.895203	20	0.019531	1
760.895203	11	0.010742	4
760.895203	21	0.020508	3
760.895203	23	0.022461	1
760.895203	13	0.012695	5
760.895203	29	0.028320	2
760.895203	17	0.016602	1
760.895203	45	0.043945	1
760.895203	27	0.026367	1
760.895203	12	0.011719	1
760.895203	18	0.017578	1
770.895508	1	0.000976	83
770.895508	2	0.001951	41
770.895508	3	0.002927	27
770.895508	4	0.003902	11
770.895508	5	0.004878	17
770.895508	6	0.005854	10
770.895508	7	0.006829	6
770.895508	8	0.007805	4
770.895508	9	0.008780	1
770.895508	10	0.009756	2
770.895508	26	0.025366	1
770.895508	40	0.039024	2
770.895508	28	0.027317	2
770.895508	42	0.040976	1
770.895508	12	0.011707	4
770.895508	15	0.014634	2
770.895508	23	0.022439	1
770.895508	14	0.013659	3
770.895508	18	0.017561	2
770.895508	11	0.010732	1
770.895508	16	0.015610	1
770.895508	25	0.024390	1
770.895508	32	0.031220	1
770.895508	20	0.019512	1
780.896118	1	0.000976	81
780.896118	2	0.001951	35
780.896118	3	0.002927	27
780.896118	4	0.003902	11
780.896118	5	0.004878	12
780.896118	6	0.005854	7
780.896118	7	0.006829	10
780.896118	8	0.007805	7
780.896118	9	0.008780	5
780.896118	10	0.009756	2
780.896118	11	0.010732	2
780.896118	14	0.013659	4
780.896118	13	0.012683	3
780.896118	37	0.036098	1
780.896118	12	0.011707	5
780.896118	35	0.034146	1
780.896118	24	0.023415	2
780.896118	22	0.021463	1
780.896118	18	0.017561	3
780.896118	25	0.024390	1
780.896118	16	0.015610	1
780.896118	15	0.014634	1
780.896118	27	0.026341	1
790.896545	1	0.000977	86
790.896545	2	0.001953	39
790.896545	3	0.002930	14
790.896545	4	0.003906	18
790.896545	5	0.004883	8
790.896545	6	0.005859	6
790.896545	7	0.006836	3
790.896545	8	0.007812	6
790.896545	9	0.008789	6
790.896545	10	0.009766	5
790.896545	14	0.013672	4
790.896545	20	0.019531	2
790.896545	19	0.018555	1
790.896545	36	0.035156	1
790.896545	16	0.015625	2
790.896545	15	0.014648	3
790.896545	49	0.047852	1
790.896545	13	0.012695	2
790.896545	30	0.029297	1
790.896545	17	0.016602	2
790.896545	45	0.043945	1
790.896545	11	0.010742	4
790.896545	23	0.022461	1
790.896545	18	0.017578	1
800.896912	1	0.000977	88
800.896912	2	0.001953	30
800.896912	3	0.002930	20
800.896912	4	0.003906	12
800.896912	5	0.004883	7
800.896912	6	0.005859	9
800.896912	7	0.006836	8
800.896912	8	0.007812	6
800.896912	9	0.008789	3
800.896912	10	0.009766	4
800.896912	27	0.026367	1
800.896912	24	0.023438	1
800.896912	16	0.015625	1
800.896912	38	0.037109	1
800.896912	14	0.013672	4
800.896912	11	0.010742	3
800.896912	13	0.012695	2
800.896912	12	0.011719	6
800.896912	17	0.016602	1
800.896912	18	0.017578	4
800.896912	15	0.014648	2
800.896912	29	0.028320	1
800.896912	26	0.025391	1
800.896912	21	0.020508	2
810.897217	1	0.000977	99
810.897217	2	0.001953	44
810.897217	3	0.002930	27
810.897217	4	0.003906	17
810.897217	5	0.004883	9
810.897217	6	0.005859	6
810.897217	7	0.006836	5
810.897217	8	0.007812	5
810.897217	9	0.008789	2
810.897217	10	0.009766	0
810.897217	16	0.015625	2
810.897217	17	0.016602	3
810.897217	20	0.019531	2
810.897217	19	0.018555	2
810.897217	39	0.038086	1
810.897217	11	0.010742	2
810.897217	31	0.030273	1
810.897217	44	0.042969	1
810.897217	14	0.013672	1
810.897217	12	0.011719	3
810.897217	26	0.025391	1
810.897217	33	0.032227	1
810.897217	13	0.012695	2
810.897217	18	0.017578	1
810.897217	49	0.047852	1
810.897217	15	0.014648	1
820.897522	1	0.000976	67
820.897522	2	0.001951	44
820.897522	3	0.002927	18
820.897522	4	0.003902	8
820.897522	5	0.004878	20
820.897522	6	0.005854	8
820.897522	7	0.006829	6
820.897522	8	0.007805	3
820.897522	9	0.008780	2
820.897522	10	0.009756	1
820.897522	37	0.036098	1
820.897522	11	0.010732	4
820.897522	35	0.034146	2
820.897522	18	0.017561	2
820.897522	27	0.026341	2
820.897522	14	0.013659	3
820.897522	16	0.015610	1
820.897522	24	0.023415	2
820.897522	30	0.029268	2
820.897522	21	0.020488	1
820.897522	12	0.011707	3
820.897522	13	0.012683	3
820.897522	19	0.018537	1
820.897522	20	0.019512	1
830.898376	1	0.000976	71
830.898376	2	0.001951	32
830.898376	3	0.002927	28
830.898376	4	0.003902	16
830.898376	5	0.004878	12
830.898376	6	0.005854	7
830.898376	7	0.006829	13
830.898376	8	0.007805	4
830.898376	9	0.008780	4
830.898376	10	0.009756	2
830.898376	15	0.014634	4
830.898376	29	0.028293	2
830.898376	14	0.013659	3
830.898376	43	0.041951	1
830.898376	12	0.011707	2
830.898376	36	0.035122	1
830.898376	57	0.055610	1
830.898376	22	0.021463	1
830.898376	11	0.010732	5
830.898376	13	0.012683	1
830.898376	34	0.033171	1
830.898376	17	0.016585	1
840.898621	1	0.000976	65
840.898621	2	0.001951	30
840.898621	3	0.002927	26
840.898621	4	0.003902	14
840.898621	5	0.004878	14
840.898621	6	0.005854	7
840.898621	7	0.006829	3
840.898621	8	0.007805	5
840.898621	9	0.008780	8
840.898621	10	0.009756	5
840.898621	26	0.025366	2
840.898621	29	0.028293	1
840.898621	11	0.010732	5
840.898621	31	0.030244	1
840.898621	23	0.022439	1
840.898621	17	0.016585	4
840.898621	24	0.023415	2
840.898621	13	0.012683	3
840.898621	15	0.014634	2
840.898621	12	0.011707	1
840.898621	18	0.017561	1
840.898621	25	0.024390	1
840.898621	22	0.021463	1
840.898621	19	0.018537	1
850.899048	1	0.000976	72
850.899048	2	0.001951	36
850.899048	3	0.002927	23
850.899048	4	0.003902	14
850.899048	5	0.004878	16
850.899048	6	0.005854	11
850.899048	7	0.006829	6
850.899048	8	0.007805	2
850.899048	9	0.008780	3
850.899048	10	0.009756	8
850.899048	25	0.024390	1
850.899048	39	0.038049	1
850.899048	30	0.029268	2
850.899048	12	0.011707	3
850.899048	16	0.015610	1
850.899048	11	0.010732	3
850.899048	24	0.023415	2
850.899048	23	0.022439	1
850.899048	33	0.032195	1
850.899048	29	0.028293	1
850.899048	17	0.016585	1
850.899048	13	0.012683	1
850.899048	45	0.043902	1
850.899048	14	0.013659	2
860.899597	1	0.000976	82
860.899597	2	0.001951	35
860.899597	3	0.002927	21
860.899597	4	0.003902	24
860.899597	5	0.004878	8
860.899597	6	0.005854	7
860.899597	7	0.006829	7
860.899597	8	0.007805	2
860.899597	9	0.008780	7
860.899597	10	0.009756	7
860.899597	14	0.013659	3
860.899597	24	0.023415	1
860.899597	12	0.011707	2
860.899597	16	0.015610	3
860.899597	29	0.028293	1
860.899597	25	0.024390	1
860.899597	22	0.021463	1
860.899597	26	0.025366	1
860.899597	18	0.017561	2
860.899597	39	0.038049	1
860.899597	35	0.034146	1
860.899597	19	0.018537	2
860.899597	11	0.010732	1
860.899597	20	0.019512	1
860.899597	15	0.014634	1
870.899780	1	0.000976	84
870.899780	2	0.001951	32
870.899780	3	0.002927	15
870.899780	4	0.003902	21
870.899780	5	0.004878	8
870.899780	6	0.005854	14
870.899780	7	0.006829	7
870.899780	8	0.007805	8
870.899780	9	0.008780	8
870.899780	10	0.009756	3
870.899780	26	0.025366	1
870.899780	24	0.023415	1
870.899780	13	0.012683	3
870.899780	12	0.011707	3
870.899780	32	0.031220	1
870.899780	11	0.010732	3
870.899780	25	0.024390	3
870.899780	27	0.026341	2
870.899780	20	0.019512	2
870.899780	22	0.021463	1
870.899780	14	0.013659	2
880.900330	1	0.000976	84
880.900330	2	0.001951	34
880.900330	3	0.002927	16
880.900330	4	0.003902	9
880.900330	5	0.004878	16
880.900330	6	0.005854	12
880.900330	7	0.006829	6
880.900330	8	0.007805	3
880.900330	9	0.008780	4
880.900330	10	0.009756	5
880.900330	13	0.012683	2
880.900330	21	0.020488	1
880.900330	53	0.051707	2
880.900330	18	0.017561	3
880.900330	11	0.010732	3
880.900330	28	0.027317	2
880.900330	12	0.011707	3
880.900330	23	0.022439	1
880.900330	16	0.015610	1
880.900330	14	0.013659	3
880.900330	17	0.016585	1
880.900330	15	0.014634	1
880.900330	20	0.019512	2
890.900696	1	0.000976	91
890.900696	2	0.001951	37
890.900696	3	0.002927	25
890.900696	4	0.003902	12
890.900696	5	0.004878	15
890.900696	6	0.005854	9
890.900696	7	0.006829	7
890.900696	8	0.007805	3
890.900696	9	0.008780	4
890.900696	10	0.009756	6
890.900696	12	0.011707	3
890.900696	19	0.018537	2
890.900696	22	0.021463	1
890.900696	11	0.010732	4
890.900696	42	0.040976	1
890.900696	38	0.037073	1
890.900696	27	0.026341	1
890.900696	23	0.022439	2
890.900696	31	0.030244	1
890.900696	26	0.025366	2
890.900696	15	0.014634	2
890.900696	16	0.015610	1
890.900696	17	0.016585	1
900.901001	1	0.000976	76
900.901001	2	0.001951	54
900.901001	3	0.002927	30
900.901001	4	0.003902	19
900.901001	5	0.004878	7
900.901001	6	0.005854	9
900.901001	7	0.006829	4
900.901001	8	0.007805	5
900.901001	9	0.008780	5
900.901001	10	0.009756	4
900.901001	14	0.013659	5
900.901001	31	0.030244	1
900.901001	23	0.022439	1
900.901001	26	0.025366	2
900.901001	16	0.015610	1
900.901001	13	0.012683	1
900.901001	11	0.010732	5
900.901001	36	0.035122	1
900.901001	12	0.011707	4
900.901001	17	0.016585	1
900.901001	39	0.038049	1
900.901001	18	0.017561	1
900.901001	15	0.014634	1
910.901306	1	0.000976	80
910.901306	2	0.001951	40
910.901306	3	0.002927	31
910.901306	4	0.003902	18
910.901306	5	0.004878	8
910.901306	6	0.005854	9
910.901306	7	0.006829	7
910.901306	8	0.007805	3
910.901306	9	0.008780	2
910.901306	10	0.009756	1
910.901306	12	0.011707	4
910.901306	15	0.014634	3
910.901306	32	0.031220	1
910.901306	51	0.049756	1
910.901306	47	0.045854	1
910.901306	13	0.012683	3
910.901306	21	0.020488	2
910.901306	25	0.024390	2
910.901306	16	0.015610	3
910.901306	22	0.021463	1
910.901306	23	0.022439	2
910.901306	24	0.023415	1
910.901306	11	0.010732	1
920.901489	1	0.000976	67
920.901489	2	0.001951	37
920.901489	3	0.002927	24
920.901489	4	0.003902	13
920.901489	5	0.004878	10
920.901489	6	0.005854	9
920.901489	7	0.006829	11
920.901489	8	0.007805	7
920.901489	9	0.008780	4
920.901489	10	0.009756	2
920.901489	11	0.010732	4
920.901489	23	0.022439	2
920.901489	41	0.040000	1
920.901489	22	0.021463	1
920.901489	44	0.042927	1
920.901489	19	0.018537	1
920.901489	25	0.024390	1
920.901489	28	0.027317	1
920.901489	14	0.013659	3
920.901489	18	0.017561	1
920.901489	12	0.011707	5
920.901489	13	0.012683	2
920.901489	15	0.014634	1
920.901489	16	0.015610	1
920.901489	21	0.020488	1
930.901978	1	0.000976	88
930.901978	2	0.001951	46
930.901978	3	0.002927	17
930.901978	4	0.003902	11
930.901978	5	0.004878	13
930.901978	6	0.005854	10
930.901978	7	0.006829	5
930.901978	8	0.007805	4
930.901978	9	0.008780	11
930.901978	10	0.009756	3
930.901978	11	0.010732	2
930.901978	22	0.021463	1
930.901978	23	0.022439	3
930.901978	31	0.030244	2
930.901978	15	0.014634	3
930.901978	12	0.011707	3
930.901978	19	0.018537	1
930.901978	28	0.027317	1
930.901978	26	0.025366	1
930.901978	16	0.015610	1
930.901978	32	0.031220	1
930.901978	14	0.013659	1
930.901978	18	0.017561	1
930.901978	20	0.019512	1
940.902283	1	0.000976	83
940.902283	2	0.001951	38
940.902283	3	0.002927	18
940.902283	4	0.003902	18
940.902283	5	0.004878	8
940.902283	6	0.005854	8
940.902283	7	0.006829	10
940.902283	8	0.007805	8
940.902283	9	0.008780	6
940.902283	10	0.009756	1
940.902283	12	0.011707	2
940.902283	24	0.023415	3
940.902283	45	0.043902	1
940.902283	31	0.030244	2
940.902283	11	0.010732	3
940.902283	20	0.019512	2
940.902283	14	0.013659	2
940.902283	13	0.012683	4
940.902283	23	0.022439	1
940.902283	19	0.018537	1
940.902283	16	0.015610	1
940.902283	18	0.017561	1
940.902283	22	0.021463	1
950.902527	1	0.000977	103
950.902527	2	0.001953	40
950.902527	3	0.002930	21
950.902527	4	0.003906	21
950.902527	5	0.004883	9
950.902527	6	0.005859	10
950.902527	7	0.006836	6
950.902527	8	0.007812	6
950.902527	9	0.008789	4
950.902527	10	0.009766	4
950.902527	11	0.010742	2
950.902527	12	0.011719	3
950.902527	23	0.022461	1
950.902527	34	0.033203	1
950.902527	28	0.027344	1
950.902527	14	0.013672	1
950.902527	18	0.017578	2
950.902527	17	0.016602	1
950.902527	24	0.023438	1
950.902527	16	0.015625	1
950.902527	15	0.014648	2
950.902527	13	0.012695	4
950.902527	19	0.018555	1
950.902527	21	0.020508	1
950.902527	29	0.028320	1
950.902527	22	0.021484	1
960.903137	1	0.000977	89
960.903137	2	0.001953	34
960.903137	3	0.002930	13
960.903137	4	0.003906	14
960.903137	5	0.004883	16
960.903137	6	0.005859	8
960.903137	7	0.006836	4
960.903137	8	0.007812	7
960.903137	9	0.008789	4
960.903137	10	0.009766	4
960.903137	34	0.033203	1
960.903137	26	0.025391	1
960.903137	24	0.023438	4
960.903137	11	0.010742	5
960.903137	22	0.021484	1
960.903137	16	0.015625	2
960.903137	12	0.011719	3
960.903137	21	0.020508	1
960.903137	27	0.026367	1
960.903137	18	0.017578	1
960.903137	28	0.027344	1
960.903137	23	0.022461	1
960.903137	20	0.019531	1
960.903137	14	0.013672	1
960.903137	19	0.018555	1
960.903137	13	0.012695	1
970.903442	1	0.000976	67
970.903442	2	0.001951	36
970.903442	3	0.002927	22
970.903442	4	0.003902	17
970.903442	5	0.004878	7
970.903442	6	0.005854	5
970.903442	7	0.006829	7
970.903442	8	0.007805	3
970.903442	9	0.008780	3
970.903442	10	0.009756	4
970.903442	12	0.011707	4
970.903442	14	0.013659	4
970.903442	35	0.034146	1
970.903442	47	0.045854	2
970.903442	11	0.010732	4
970.903442	13	0.012683	3
970.903442	19	0.018537	2
970.903442	27	0.026341	1
970.903442	22	0.021463	1
970.903442	15	0.014634	2
970.903442	16	0.015610	3
970.903442	17	0.016585	1
970.903442	31	0.030244	1
970.903442	18	0.017561	1
980.903748	1	0.000976	83
980.903748	2	0.001951	34
980.903748	3	0.002927	24
980.903748	4	0.003902	15
980.903748	5	0.004878	10
980.903748	6	0.005854	11
980.903748	7	0.006829	9
980.903748	8	0.007805	4
980.903748	9	0.008780	6
980.903748	10	0.009756	3
980.903748	11	0.010732	5
980.903748	22	0.021463	2
980.903748	19	0.018537	1
980.903748	21	0.020488	1
980.903748	14	0.013659	3
980.903748	31	0.030244	1
980.903748	13	0.012683	5
980.903748	32	0.031220	2
980.903748	12	0.011707	1
980.903748	17	0.016585	1
980.903748	15	0.014634	2
980.903748	18	0.017561	1
980.903748	29	0.028293	1
990.904053	1	0.000976	90
990.904053	2	0.001951	24
990.904053	3	0.002927	21
990.904053	4	0.003902	22
990.904053	5	0.004878	21
990.904053	6	0.005854	11
990.904053	7	0.006829	7
990.904053	8	0.007805	5
990.904053	9	0.008780	4
990.904053	10	0.009756	4
990.904053	15	0.014634	2
990.904053	48	0.046829	1
990.904053	11	0.010732	4
990.904053	12	0.011707	5
990.904053	16	0.015610	1
990.904053	17	0.016585	1
990.904053	28	0.027317	1
990.904053	24	0.023415	1
990.904053	18	0.017561	1
990.904053	39	0.038049	1
990.904053	25	0.024390	1
990.904053	30	0.029268	1
990.904053	21	0.020488	1
1000.000000	1	0.000976	89
1000.000000	2	0.001951	33
1000.000000	3	0.002927	22
1000.000000	4	0.003902	20
1000.000000	5	0.004878	11
1000.000000	6	0.005854	5
1000.000000	7	0.006829	7
1000.000000	8	0.007805	9
1000.000000	9	0.008780	1
1000.000000	10	0.009756	1
1000.000000	16	0.015610	2
1000.000000	21	0.020488	2
1000.000000	25	0.024390	2
1000.000000	18	0.017561	2
1000.000000	17	0.016585	4
1000.000000	12	0.011707	3
1000.000000	32	0.031220	1
1000.000000	29	0.028293	1
1000.000000	11	0.010732	3
1000.000000	15	0.014634	2
1000.000000	33	0.032195	1
1000.000000	20	0.019512	1
1000.000000	31	0.030244	1
1000.000000	27	0.026341	1
