Generation	X	Y	Population	NormalCells	DeathRate	Diversity	DriverDiversity
0.000000	0	0	1	1023	0.000000	0.000000	0.000000
10.127996	0	0	522	503	100.000000	0.000000	0.000000
20.139696	0	0	1025	0	100.000000	0.000000	0.000000
30.141148	0	0	1024	0	0.000000	0.000000	0.000000
40.141930	0	0	1025	0	100.000000	0.000000	0.000000
50.142521	0	0	1025	0	100.000000	0.000000	0.000000
60.143284	0	0	1025	0	100.000000	0.000000	0.000000
70.144218	0	0	1025	0	100.000000	0.000000	0.000000
80.145157	0	0	1025	0	100.000000	0.000000	0.000000
90.145630	0	0	1025	0	100.000000	0.000000	0.000000
100.147385	0	0	1025	0	100.000000	0.000000	0.000000
110.148087	0	0	1025	0	100.000000	0.000000	0.000000
120.148918	0	0	1025	0	100.000000	0.000000	0.000000
130.149857	0	0	1025	0	100.000000	0.000000	0.000000
140.150726	0	0	1025	0	100.000000	0.000000	0.000000
150.151672	0	0	1025	0	100.000000	0.000000	0.000000
160.152390	0	0	1025	0	100.000000	0.000000	0.000000
170.152771	0	0	1025	0	100.000000	0.000000	0.000000
180.153458	0	0	1025	0	100.000000	0.000000	0.000000
190.153992	0	0	1025	0	100.000000	0.000000	0.000000
200.154831	0	0	1025	0	100.000000	0.000000	0.000000
210.155579	0	0	1025	0	100.000000	0.000000	0.000000
220.156525	0	0	1025	0	100.000000	0.000000	0.000000
230.157806	0	0	1025	0	100.000000	0.000000	0.000000
240.158661	0	0	1025	0	100.000000	0.000000	0.000000
250.159760	0	0	1025	0	100.000000	0.000000	0.000000
260.160553	0	0	1025	0	100.000000	0.000000	0.000000
270.161530	0	0	1025	0	100.000000	0.000000	0.000000
280.162689	0	0	1025	0	100.000000	0.000000	0.000000
290.163635	0	0	1025	0	100.000000	0.000000	0.000000
300.164520	0	0	1024	0	0.000000	0.000000	0.000000
310.165100	0	0	1025	0	100.000000	0.000000	0.000000
320.165649	0	0	1025	0	100.000000	0.000000	0.000000
330.166901	0	0	1025	0	100.000000	0.000000	0.000000
340.167480	0	0	1025	0	100.000000	0.000000	0.000000
350.168274	0	0	1025	0	100.000000	0.000000	0.000000
360.169250	0	0	1025	0	100.000000	0.000000	0.000000
370.169708	0	0	1024	0	0.000000	0.000000	0.000000
380.170074	0	0	1025	0	100.000000	0.000000	0.000000
390.171082	0	0	1025	0	100.000000	0.000000	0.000000
400.171753	0	0	1025	0	100.000000	0.000000	0.000000
410.172516	0	0	1025	0	100.000000	0.000000	0.000000
420.173126	0	0	1025	0	100.000000	0.000000	0.000000
430.173401	0	0	1024	0	0.000000	0.000000	0.000000
440.174347	0	0	1025	0	100.000000	0.000000	0.000000
450.174835	0	0	1025	0	100.000000	0.000000	0.000000
460.175659	0	0	1025	0	100.000000	0.000000	0.000000
470.176636	0	0	1025	0	100.000000	0.000000	0.000000
480.177307	0	0	1025	0	100.000000	0.000000	0.000000
490.178162	0	0	1025	0	100.000000	0.000000	0.000000
500.179108	0	0	1027	0	100.000000	0.000000	0.000000
510.180298	0	0	1025	0	100.000000	0.000000	0.000000
520.181213	0	0	1025	0	100.000000	0.000000	0.000000
530.182007	0	0	1025	0	100.000000	0.000000	0.000000
540.182495	0	0	1025	0	100.000000	0.000000	0.000000
550.183167	0	0	1025	0	100.000000	0.000000	0.000000
560.183594	0	0	1025	0	100.000000	0.000000	0.000000
570.183838	0	0	1024	0	0.000000	0.000000	0.000000
580.184509	0	0	1025	0	100.000000	0.000000	0.000000
590.185059	0	0	1025	0	100.000000	0.000000	0.000000
600.185547	0	0	1025	0	100.000000	0.000000	0.000000
610.186829	0	0	1025	0	100.000000	0.000000	0.000000
620.187622	0	0	1025	0	100.000000	0.000000	0.000000
630.188110	0	0	1025	0	100.000000	0.000000	0.000000
640.188721	0	0	1025	0	100.000000	0.000000	0.000000
650.189270	0	0	1025	0	100.000000	0.000000	0.000000
660.190308	0	0	1025	0	100.000000	0.000000	0.000000
670.191284	0	0	1025	0	100.000000	0.000000	0.000000
680.191772	0	0	1024	0	0.000000	0.000000	0.000000
690.192749	0	0	1025	0	100.000000	0.000000	0.000000
700.193420	0	0	1025	0	100.000000	0.000000	0.000000
710.194031	0	0	1024	0	0.000000	0.000000	0.000000
720.195251	0	0	1025	0	100.000000	0.000000	0.000000
730.195923	0	0	1025	0	100.000000	0.000000	0.000000
740.196533	0	0	1025	0	100.000000	0.000000	0.000000
750.197144	0	0	1024	0	0.000000	0.000000	0.000000
760.197510	0	0	1025	0	100.000000	0.000000	0.000000
770.197876	0	0	1024	0	0.000000	0.000000	0.000000
780.198486	0	0	1025	0	100.000000	0.000000	0.000000
790.199158	0	0	1025	0	100.000000	0.000000	0.000000
800.200256	0	0	1025	0	100.000000	0.000000	0.000000
810.200989	0	0	1025	0	100.000000	0.000000	0.000000
820.201843	0	0	1025	0	100.000000	0.000000	0.000000
830.202881	0	0	1025	0	100.000000	0.000000	0.000000
840.203308	0	0	1025	0	100.000000	0.000000	0.000000
850.203979	0	0	1025	0	100.000000	0.000000	0.000000
860.204712	0	0	1025	0	100.000000	0.000000	0.000000
870.205383	0	0	1025	0	100.000000	0.000000	0.000000
880.205872	0	0	1025	0	100.000000	0.000000	0.000000
890.206848	0	0	1025	0	100.000000	0.000000	0.000000
900.207520	0	0	1025	0	100.000000	0.000000	0.000000
910.208374	0	0	1025	0	100.000000	0.000000	0.000000
920.208740	0	0	1025	0	100.000000	0.000000	0.000000
930.209229	0	0	1025	0	100.000000	0.000000	0.000000
940.209900	0	0	1025	0	100.000000	0.000000	0.000000
950.210999	0	0	1025	0	100.000000	0.000000	0.000000
960.211792	0	0	1025	0	100.000000	0.000000	0.000000
970.212585	0	0	1025	0	100.000000	0.000000	0.000000
980.213501	0	0	1025	0	100.000000	0.000000	0.000000
990.214478	0	0	1025	0	100.000000	0.000000	0.000000
1000.000000	0	0	1024	0	0.000000	0.000000	0.000000
