Generation	Size	Frequency	Count
0.000000	1	1.000000	1
0.000000	2	2.000000	0
0.000000	3	3.000000	0
0.000000	4	4.000000	0
0.000000	5	5.000000	0
0.000000	6	6.000000	0
0.000000	7	7.000000	0
0.000000	8	8.000000	0
0.000000	9	9.000000	0
0.000000	10	10.000000	0
10.127996	1	0.001916	34
10.127996	2	0.003831	11
10.127996	3	0.005747	3
10.127996	4	0.007663	1
10.127996	5	0.009579	2
10.127996	6	0.011494	1
10.127996	7	0.013410	1
10.127996	8	0.015326	4
10.127996	9	0.017241	0
10.127996	10	0.019157	0
10.127996	238	0.455939	1
10.127996	18	0.034483	1
10.127996	94	0.180077	1
10.127996	11	0.021073	1
10.127996	21	0.040230	1
10.127996	16	0.030651	1
20.139696	1	0.000976	88
20.139696	2	0.001951	26
20.139696	3	0.002927	19
20.139696	4	0.003902	12
20.139696	5	0.004878	9
20.139696	6	0.005854	6
20.139696	7	0.006829	5
20.139696	8	0.007805	3
20.139696	9	0.008780	4
20.139696	10	0.009756	3
20.139696	191	0.186341	1
20.139696	17	0.016585	1
20.139696	91	0.088780	1
20.139696	16	0.015610	2
20.139696	24	0.023415	1
20.139696	27	0.026341	1
20.139696	20	0.019512	2
20.139696	23	0.022439	1
20.139696	12	0.011707	1
20.139696	13	0.012683	1
20.139696	14	0.013659	2
20.139696	18	0.017561	1
20.139696	22	0.021463	1
20.139696	36	0.035122	1
30.141148	1	0.000977	96
30.141148	2	0.001953	37
30.141148	3	0.002930	21
30.141148	4	0.003906	17
30.141148	5	0.004883	12
30.141148	6	0.005859	8
30.141148	7	0.006836	7
30.141148	8	0.007812	10
30.141148	9	0.008789	6
30.141148	10	0.009766	5
30.141148	21	0.020508	1
30.141148	59	0.057617	1
30.141148	13	0.012695	4
30.141148	23	0.022461	1
30.141148	11	0.010742	6
30.141148	12	0.011719	1
30.141148	14	0.013672	2
30.141148	16	0.015625	1
30.141148	36	0.035156	1
30.141148	19	0.018555	2
30.141148	31	0.030273	1
40.141930	1	0.000976	78
40.141930	2	0.001951	33
40.141930	3	0.002927	21
40.141930	4	0.003902	19
40.141930	5	0.004878	11
40.141930	6	0.005854	11
40.141930	7	0.006829	8
40.141930	8	0.007805	7
40.141930	9	0.008780	7
40.141930	10	0.009756	6
40.141930	15	0.014634	1
40.141930	11	0.010732	7
40.141930	22	0.021463	1
40.141930	12	0.011707	3
40.141930	28	0.027317	1
40.141930	19	0.018537	2
40.141930	14	0.013659	4
40.141930	17	0.016585	1
40.141930	23	0.022439	1
40.141930	30	0.029268	1
40.141930	31	0.030244	1
40.141930	13	0.012683	1
50.142521	1	0.000976	86
50.142521	2	0.001951	35
50.142521	3	0.002927	34
50.142521	4	0.003902	13
50.142521	5	0.004878	19
50.142521	6	0.005854	4
50.142521	7	0.006829	6
50.142521	8	0.007805	6
50.142521	9	0.008780	5
50.142521	10	0.009756	2
50.142521	12	0.011707	4
50.142521	11	0.010732	2
50.142521	20	0.019512	1
50.142521	16	0.015610	1
50.142521	18	0.017561	2
50.142521	33	0.032195	1
50.142521	36	0.035122	1
50.142521	15	0.014634	3
50.142521	17	0.016585	2
50.142521	14	0.013659	3
50.142521	13	0.012683	2
50.142521	35	0.034146	1
50.142521	25	0.024390	1
50.142521	23	0.022439	1
60.143284	1	0.000976	86
60.143284	2	0.001951	31
60.143284	3	0.002927	16
60.143284	4	0.003902	15
60.143284	5	0.004878	14
60.143284	6	0.005854	13
60.143284	7	0.006829	7
60.143284	8	0.007805	7
60.143284	9	0.008780	5
60.143284	10	0.009756	4
60.143284	16	0.015610	2
60.143284	13	0.012683	4
60.143284	23	0.022439	1
60.143284	35	0.034146	1
60.143284	26	0.025366	1
60.143284	46	0.044878	1
60.143284	29	0.028293	1
60.143284	21	0.020488	1
60.143284	12	0.011707	3
60.143284	11	0.010732	2
60.143284	22	0.021463	1
60.143284	15	0.014634	1
60.143284	48	0.046829	1
60.143284	24	0.023415	1
70.144218	1	0.000976	74
70.144218	2	0.001951	35
70.144218	3	0.002927	26
70.144218	4	0.003902	17
70.144218	5	0.004878	12
70.144218	6	0.005854	12
70.144218	7	0.006829	6
70.144218	8	0.007805	9
70.144218	9	0.008780	5
70.144218	10	0.009756	7
70.144218	18	0.017561	4
70.144218	22	0.021463	1
70.144218	15	0.014634	2
70.144218	21	0.020488	2
70.144218	26	0.025366	1
70.144218	16	0.015610	3
70.144218	20	0.019512	2
70.144218	13	0.012683	1
70.144218	12	0.011707	1
70.144218	14	0.013659	2
70.144218	11	0.010732	2
70.144218	19	0.018537	1
80.145157	1	0.000976	92
80.145157	2	0.001951	33
80.145157	3	0.002927	28
80.145157	4	0.003902	12
80.145157	5	0.004878	11
80.145157	6	0.005854	14
80.145157	7	0.006829	9
80.145157	8	0.007805	7
80.145157	9	0.008780	1
80.145157	10	0.009756	2
80.145157	38	0.037073	1
80.145157	15	0.014634	4
80.145157	17	0.016585	2
80.145157	16	0.015610	3
80.145157	20	0.019512	1
80.145157	27	0.026341	1
80.145157	13	0.012683	2
80.145157	28	0.027317	2
80.145157	29	0.028293	1
80.145157	14	0.013659	3
80.145157	22	0.021463	1
80.145157	12	0.011707	2
80.145157	11	0.010732	2
90.145630	1	0.000976	73
90.145630	2	0.001951	41
90.145630	3	0.002927	21
90.145630	4	0.003902	12
90.145630	5	0.004878	11
90.145630	6	0.005854	13
90.145630	7	0.006829	8
90.145630	8	0.007805	3
90.145630	9	0.008780	6
90.145630	10	0.009756	1
90.145630	16	0.015610	3
90.145630	17	0.016585	2
90.145630	18	0.017561	4
90.145630	21	0.020488	2
90.145630	20	0.019512	3
90.145630	26	0.025366	2
90.145630	15	0.014634	4
90.145630	14	0.013659	2
90.145630	11	0.010732	4
90.145630	23	0.022439	1
90.145630	19	0.018537	1
100.147385	1	0.000976	69
100.147385	2	0.001951	33
100.147385	3	0.002927	30
100.147385	4	0.003902	27
100.147385	5	0.004878	10
100.147385	6	0.005854	11
100.147385	7	0.006829	12
100.147385	8	0.007805	5
100.147385	9	0.008780	1
100.147385	10	0.009756	3
100.147385	56	0.054634	1
100.147385	31	0.030244	1
100.147385	12	0.011707	2
100.147385	13	0.012683	1
100.147385	51	0.049756	1
100.147385	11	0.010732	3
100.147385	15	0.014634	3
100.147385	19	0.018537	1
100.147385	20	0.019512	2
100.147385	24	0.023415	1
100.147385	16	0.015610	2
100.147385	22	0.021463	1
100.147385	23	0.022439	1
110.148087	1	0.000976	69
110.148087	2	0.001951	43
110.148087	3	0.002927	13
110.148087	4	0.003902	18
110.148087	5	0.004878	9
110.148087	6	0.005854	11
110.148087	7	0.006829	8
110.148087	8	0.007805	5
110.148087	9	0.008780	5
110.148087	10	0.009756	4
110.148087	11	0.010732	4
110.148087	33	0.032195	1
110.148087	12	0.011707	4
110.148087	23	0.022439	1
110.148087	20	0.019512	2
110.148087	24	0.023415	1
110.148087	14	0.013659	1
110.148087	27	0.026341	1
110.148087	16	0.015610	3
110.148087	17	0.016585	3
110.148087	31	0.030244	1
110.148087	15	0.014634	1
110.148087	37	0.036098	1
110.148087	32	0.031220	1
120.148918	1	0.000976	99
120.148918	2	0.001951	39
120.148918	3	0.002927	23
120.148918	4	0.003902	17
120.148918	5	0.004878	15
120.148918	6	0.005854	7
120.148918	7	0.006829	9
120.148918	8	0.007805	7
120.148918	9	0.008780	4
120.148918	10	0.009756	1
120.148918	15	0.014634	4
120.148918	19	0.018537	2
120.148918	11	0.010732	4
120.148918	22	0.021463	1
120.148918	14	0.013659	2
120.148918	32	0.031220	1
120.148918	18	0.017561	2
120.148918	17	0.016585	1
120.148918	28	0.027317	1
120.148918	30	0.029268	1
120.148918	20	0.019512	1
120.148918	13	0.012683	1
120.148918	25	0.024390	1
120.148918	12	0.011707	3
130.149857	1	0.000976	94
130.149857	2	0.001951	46
130.149857	3	0.002927	18
130.149857	4	0.003902	19
130.149857	5	0.004878	15
130.149857	6	0.005854	9
130.149857	7	0.006829	9
130.149857	8	0.007805	4
130.149857	9	0.008780	5
130.149857	10	0.009756	3
130.149857	17	0.016585	1
130.149857	27	0.026341	2
130.149857	59	0.057561	1
130.149857	18	0.017561	1
130.149857	24	0.023415	1
130.149857	51	0.049756	1
130.149857	16	0.015610	1
130.149857	12	0.011707	2
130.149857	21	0.020488	1
130.149857	13	0.012683	2
130.149857	20	0.019512	2
130.149857	14	0.013659	1
130.149857	23	0.022439	2
140.150726	1	0.000976	93
140.150726	2	0.001951	39
140.150726	3	0.002927	20
140.150726	4	0.003902	15
140.150726	5	0.004878	9
140.150726	6	0.005854	9
140.150726	7	0.006829	6
140.150726	8	0.007805	5
140.150726	9	0.008780	4
140.150726	10	0.009756	1
140.150726	28	0.027317	3
140.150726	15	0.014634	3
140.150726	30	0.029268	1
140.150726	23	0.022439	1
140.150726	12	0.011707	5
140.150726	25	0.024390	2
140.150726	16	0.015610	3
140.150726	24	0.023415	1
140.150726	21	0.020488	1
140.150726	13	0.012683	2
140.150726	17	0.016585	1
140.150726	20	0.019512	2
140.150726	14	0.013659	2
140.150726	11	0.010732	1
150.151672	1	0.000976	85
150.151672	2	0.001951	38
150.151672	3	0.002927	19
150.151672	4	0.003902	12
150.151672	5	0.004878	10
150.151672	6	0.005854	5
150.151672	7	0.006829	8
150.151672	8	0.007805	7
150.151672	9	0.008780	4
150.151672	10	0.009756	4
150.151672	32	0.031220	1
150.151672	12	0.011707	2
150.151672	15	0.014634	1
150.151672	34	0.033171	1
150.151672	21	0.020488	1
150.151672	22	0.021463	2
150.151672	16	0.015610	2
150.151672	25	0.024390	1
150.151672	29	0.028293	2
150.151672	11	0.010732	2
150.151672	14	0.013659	3
150.151672	13	0.012683	3
150.151672	28	0.027317	1
150.151672	17	0.016585	1
150.151672	40	0.039024	1
150.151672	18	0.017561	1
160.152390	1	0.000976	88
160.152390	2	0.001951	35
160.152390	3	0.002927	21
160.152390	4	0.003902	18
160.152390	5	0.004878	18
160.152390	6	0.005854	3
160.152390	7	0.006829	11
160.152390	8	0.007805	8
160.152390	9	0.008780	4
160.152390	10	0.009756	3
160.152390	33	0.032195	1
160.152390	15	0.014634	2
160.152390	12	0.011707	2
160.152390	13	0.012683	3
160.152390	16	0.015610	2
160.152390	38	0.037073	1
160.152390	31	0.030244	2
160.152390	11	0.010732	5
160.152390	20	0.019512	1
160.152390	28	0.027317	1
160.152390	25	0.024390	1
160.152390	17	0.016585	1
160.152390	14	0.013659	1
170.152771	1	0.000976	79
170.152771	2	0.001951	40
170.152771	3	0.002927	22
170.152771	4	0.003902	11
170.152771	5	0.004878	8
170.152771	6	0.005854	7
170.152771	7	0.006829	6
170.152771	8	0.007805	2
170.152771	9	0.008780	2
170.152771	10	0.009756	3
170.152771	13	0.012683	7
170.152771	22	0.021463	2
170.152771	18	0.017561	1
170.152771	11	0.010732	5
170.152771	16	0.015610	4
170.152771	17	0.016585	1
170.152771	21	0.020488	2
170.152771	23	0.022439	1
170.152771	12	0.011707	6
170.152771	15	0.014634	2
170.152771	25	0.024390	2
170.152771	48	0.046829	1
170.152771	14	0.013659	1
180.153458	1	0.000976	79
180.153458	2	0.001951	33
180.153458	3	0.002927	26
180.153458	4	0.003902	18
180.153458	5	0.004878	15
180.153458	6	0.005854	9
180.153458	7	0.006829	10
180.153458	8	0.007805	5
180.153458	9	0.008780	6
180.153458	10	0.009756	7
180.153458	24	0.023415	2
180.153458	12	0.011707	1
180.153458	20	0.019512	2
180.153458	16	0.015610	3
180.153458	27	0.026341	1
180.153458	11	0.010732	3
180.153458	23	0.022439	1
180.153458	25	0.024390	1
180.153458	18	0.017561	1
180.153458	22	0.021463	1
180.153458	15	0.014634	2
180.153458	14	0.013659	2
180.153458	13	0.012683	1
190.153992	1	0.000976	96
190.153992	2	0.001951	41
190.153992	3	0.002927	21
190.153992	4	0.003902	26
190.153992	5	0.004878	15
190.153992	6	0.005854	4
190.153992	7	0.006829	8
190.153992	8	0.007805	7
190.153992	9	0.008780	4
190.153992	10	0.009756	2
190.153992	20	0.019512	1
190.153992	13	0.012683	3
190.153992	22	0.021463	1
190.153992	24	0.023415	2
190.153992	11	0.010732	4
190.153992	19	0.018537	2
190.153992	16	0.015610	1
190.153992	14	0.013659	1
190.153992	31	0.030244	1
190.153992	42	0.040976	1
190.153992	15	0.014634	1
190.153992	17	0.016585	2
190.153992	26	0.025366	1
190.153992	12	0.011707	2
200.154831	1	0.000976	97
200.154831	2	0.001951	49
200.154831	3	0.002927	21
200.154831	4	0.003902	21
200.154831	5	0.004878	12
200.154831	6	0.005854	10
200.154831	7	0.006829	6
200.154831	8	0.007805	5
200.154831	9	0.008780	4
200.154831	10	0.009756	1
200.154831	12	0.011707	3
200.154831	16	0.015610	4
200.154831	14	0.013659	2
200.154831	36	0.035122	1
200.154831	26	0.025366	2
200.154831	25	0.024390	1
200.154831	34	0.033171	2
200.154831	17	0.016585	1
200.154831	13	0.012683	3
200.154831	22	0.021463	1
200.154831	11	0.010732	3
200.154831	15	0.014634	1
210.155579	1	0.000976	103
210.155579	2	0.001951	31
210.155579	3	0.002927	25
210.155579	4	0.003902	15
210.155579	5	0.004878	14
210.155579	6	0.005854	8
210.155579	7	0.006829	4
210.155579	8	0.007805	7
210.155579	9	0.008780	4
210.155579	10	0.009756	3
210.155579	20	0.019512	2
210.155579	17	0.016585	1
210.155579	14	0.013659	2
210.155579	19	0.018537	2
210.155579	31	0.030244	1
210.155579	12	0.011707	2
210.155579	23	0.022439	4
210.155579	11	0.010732	2
210.155579	35	0.034146	2
210.155579	24	0.023415	1
210.155579	13	0.012683	3
210.155579	16	0.015610	2
220.156525	1	0.000976	64
220.156525	2	0.001951	33
220.156525	3	0.002927	21
220.156525	4	0.003902	12
220.156525	5	0.004878	15
220.156525	6	0.005854	11
220.156525	7	0.006829	9
220.156525	8	0.007805	3
220.156525	9	0.008780	4
220.156525	10	0.009756	4
220.156525	32	0.031220	1
220.156525	40	0.039024	1
220.156525	11	0.010732	6
220.156525	14	0.013659	2
220.156525	21	0.020488	1
220.156525	59	0.057561	1
220.156525	13	0.012683	3
220.156525	29	0.028293	1
220.156525	12	0.011707	2
220.156525	33	0.032195	1
220.156525	22	0.021463	2
220.156525	18	0.017561	1
220.156525	24	0.023415	1
220.156525	23	0.022439	1
230.157806	1	0.000976	78
230.157806	2	0.001951	44
230.157806	3	0.002927	19
230.157806	4	0.003902	19
230.157806	5	0.004878	17
230.157806	6	0.005854	12
230.157806	7	0.006829	7
230.157806	8	0.007805	3
230.157806	9	0.008780	4
230.157806	10	0.009756	5
230.157806	16	0.015610	4
230.157806	13	0.012683	3
230.157806	20	0.019512	1
230.157806	12	0.011707	2
230.157806	23	0.022439	1
230.157806	18	0.017561	1
230.157806	11	0.010732	3
230.157806	61	0.059512	1
230.157806	32	0.031220	1
230.157806	29	0.028293	1
230.157806	21	0.020488	1
230.157806	17	0.016585	1
230.157806	15	0.014634	1
230.157806	14	0.013659	1
240.158661	1	0.000976	83
240.158661	2	0.001951	35
240.158661	3	0.002927	20
240.158661	4	0.003902	19
240.158661	5	0.004878	10
240.158661	6	0.005854	7
240.158661	7	0.006829	6
240.158661	8	0.007805	8
240.158661	9	0.008780	3
240.158661	10	0.009756	1
240.158661	13	0.012683	10
240.158661	18	0.017561	1
240.158661	11	0.010732	3
240.158661	12	0.011707	2
240.158661	38	0.037073	1
240.158661	15	0.014634	2
240.158661	27	0.026341	1
240.158661	23	0.022439	2
240.158661	16	0.015610	3
240.158661	14	0.013659	2
240.158661	20	0.019512	2
240.158661	39	0.038049	1
250.159760	1	0.000976	75
250.159760	2	0.001951	36
250.159760	3	0.002927	24
250.159760	4	0.003902	11
250.159760	5	0.004878	11
250.159760	6	0.005854	7
250.159760	7	0.006829	6
250.159760	8	0.007805	7
250.159760	9	0.008780	4
250.159760	10	0.009756	3
250.159760	13	0.012683	2
250.159760	27	0.026341	2
250.159760	17	0.016585	2
250.159760	14	0.013659	4
250.159760	58	0.056585	1
250.159760	21	0.020488	1
250.159760	16	0.015610	2
250.159760	18	0.017561	2
250.159760	15	0.014634	1
250.159760	20	0.019512	1
250.159760	11	0.010732	2
250.159760	12	0.011707	4
250.159760	28	0.027317	2
250.159760	23	0.022439	1
260.160553	1	0.000976	70
260.160553	2	0.001951	29
260.160553	3	0.002927	18
260.160553	4	0.003902	17
260.160553	5	0.004878	5
260.160553	6	0.005854	12
260.160553	7	0.006829	8
260.160553	8	0.007805	9
260.160553	9	0.008780	4
260.160553	10	0.009756	8
260.160553	15	0.014634	2
260.160553	12	0.011707	6
260.160553	14	0.013659	2
260.160553	11	0.010732	5
260.160553	13	0.012683	3
260.160553	35	0.034146	1
260.160553	19	0.018537	1
260.160553	17	0.016585	3
260.160553	28	0.027317	1
260.160553	22	0.021463	1
260.160553	26	0.025366	1
260.160553	29	0.028293	1
270.161530	1	0.000976	85
270.161530	2	0.001951	36
270.161530	3	0.002927	21
270.161530	4	0.003902	11
270.161530	5	0.004878	15
270.161530	6	0.005854	6
270.161530	7	0.006829	8
270.161530	8	0.007805	6
270.161530	9	0.008780	8
270.161530	10	0.009756	4
270.161530	13	0.012683	4
270.161530	23	0.022439	1
270.161530	11	0.010732	3
270.161530	25	0.024390	1
270.161530	31	0.030244	1
270.161530	40	0.039024	1
270.161530	26	0.025366	1
270.161530	15	0.014634	2
270.161530	16	0.015610	2
270.161530	21	0.020488	1
270.161530	30	0.029268	1
270.161530	12	0.011707	2
270.161530	14	0.013659	2
270.161530	22	0.021463	1
270.161530	17	0.016585	1
280.162689	1	0.000976	65
280.162689	2	0.001951	37
280.162689	3	0.002927	17
280.162689	4	0.003902	19
280.162689	5	0.004878	13
280.162689	6	0.005854	8
280.162689	7	0.006829	12
280.162689	8	0.007805	7
280.162689	9	0.008780	5
280.162689	10	0.009756	2
280.162689	12	0.011707	2
280.162689	11	0.010732	3
280.162689	15	0.014634	5
280.162689	24	0.023415	1
280.162689	22	0.021463	1
280.162689	19	0.018537	1
280.162689	16	0.015610	2
280.162689	18	0.017561	3
280.162689	29	0.028293	1
280.162689	21	0.020488	1
280.162689	17	0.016585	1
280.162689	50	0.048780	1
280.162689	14	0.013659	2
280.162689	13	0.012683	1
290.163635	1	0.000976	87
290.163635	2	0.001951	26
290.163635	3	0.002927	20
290.163635	4	0.003902	11
290.163635	5	0.004878	12
290.163635	6	0.005854	8
290.163635	7	0.006829	13
290.163635	8	0.007805	7
290.163635	9	0.008780	2
290.163635	10	0.009756	2
290.163635	20	0.019512	3
290.163635	12	0.011707	1
290.163635	25	0.024390	2
290.163635	13	0.012683	1
290.163635	16	0.015610	3
290.163635	23	0.022439	1
290.163635	11	0.010732	4
290.163635	15	0.014634	2
290.163635	18	0.017561	2
290.163635	37	0.036098	1
290.163635	19	0.018537	3
290.163635	17	0.016585	3
290.163635	14	0.013659	2
300.164520	1	0.000977	67
300.164520	2	0.001953	38
300.164520	3	0.002930	20
300.164520	4	0.003906	18
300.164520	5	0.004883	10
300.164520	6	0.005859	11
300.164520	7	0.006836	9
300.164520	8	0.007812	2
300.164520	9	0.008789	4
300.164520	10	0.009766	1
300.164520	22	0.021484	3
300.164520	62	0.060547	1
300.164520	11	0.010742	7
300.164520	17	0.016602	1
300.164520	32	0.031250	1
300.164520	36	0.035156	1
300.164520	16	0.015625	3
300.164520	27	0.026367	1
300.164520	29	0.028320	1
300.164520	12	0.011719	2
300.164520	14	0.013672	1
300.164520	30	0.029297	1
300.164520	18	0.017578	1
300.164520	13	0.012695	1
300.164520	15	0.014648	1
310.165100	1	0.000976	82
310.165100	2	0.001951	33
310.165100	3	0.002927	25
310.165100	4	0.003902	16
310.165100	5	0.004878	12
310.165100	6	0.005854	13
310.165100	7	0.006829	9
310.165100	8	0.007805	10
310.165100	9	0.008780	6
310.165100	10	0.009756	2
310.165100	11	0.010732	5
310.165100	27	0.026341	1
310.165100	16	0.015610	3
310.165100	18	0.017561	1
310.165100	43	0.041951	1
310.165100	20	0.019512	2
310.165100	14	0.013659	3
310.165100	30	0.029268	1
310.165100	12	0.011707	1
310.165100	25	0.024390	1
310.165100	13	0.012683	2
310.165100	17	0.016585	1
320.165649	1	0.000976	82
320.165649	2	0.001951	32
320.165649	3	0.002927	26
320.165649	4	0.003902	12
320.165649	5	0.004878	18
320.165649	6	0.005854	12
320.165649	7	0.006829	8
320.165649	8	0.007805	8
320.165649	9	0.008780	5
320.165649	10	0.009756	1
320.165649	21	0.020488	2
320.165649	15	0.014634	4
320.165649	12	0.011707	3
320.165649	38	0.037073	1
320.165649	25	0.024390	2
320.165649	13	0.012683	3
320.165649	24	0.023415	1
320.165649	16	0.015610	2
320.165649	11	0.010732	2
320.165649	20	0.019512	1
320.165649	17	0.016585	2
320.165649	19	0.018537	1
330.166901	1	0.000976	82
330.166901	2	0.001951	33
330.166901	3	0.002927	22
330.166901	4	0.003902	21
330.166901	5	0.004878	10
330.166901	6	0.005854	15
330.166901	7	0.006829	5
330.166901	8	0.007805	5
330.166901	9	0.008780	5
330.166901	10	0.009756	5
330.166901	34	0.033171	1
330.166901	39	0.038049	1
330.166901	42	0.040976	1
330.166901	52	0.050732	1
330.166901	24	0.023415	2
330.166901	13	0.012683	5
330.166901	12	0.011707	2
330.166901	14	0.013659	3
330.166901	11	0.010732	1
330.166901	21	0.020488	1
330.166901	19	0.018537	1
330.166901	20	0.019512	1
340.167480	1	0.000976	95
340.167480	2	0.001951	42
340.167480	3	0.002927	19
340.167480	4	0.003902	11
340.167480	5	0.004878	13
340.167480	6	0.005854	16
340.167480	7	0.006829	7
340.167480	8	0.007805	8
340.167480	9	0.008780	5
340.167480	10	0.009756	7
340.167480	23	0.022439	1
340.167480	17	0.016585	4
340.167480	29	0.028293	1
340.167480	40	0.039024	1
340.167480	15	0.014634	1
340.167480	16	0.015610	1
340.167480	36	0.035122	1
340.167480	26	0.025366	1
340.167480	14	0.013659	2
340.167480	22	0.021463	1
340.167480	20	0.019512	1
340.167480	11	0.010732	3
350.168274	1	0.000976	81
350.168274	2	0.001951	42
350.168274	3	0.002927	25
350.168274	4	0.003902	17
350.168274	5	0.004878	11
350.168274	6	0.005854	7
350.168274	7	0.006829	8
350.168274	8	0.007805	9
350.168274	9	0.008780	5
350.168274	10	0.009756	4
350.168274	22	0.021463	1
350.168274	26	0.025366	1
350.168274	13	0.012683	5
350.168274	28	0.027317	1
350.168274	16	0.015610	1
350.168274	18	0.017561	3
350.168274	11	0.010732	4
350.168274	12	0.011707	3
350.168274	38	0.037073	1
350.168274	21	0.020488	1
350.168274	33	0.032195	1
350.168274	24	0.023415	1
360.169250	1	0.000976	84
360.169250	2	0.001951	38
360.169250	3	0.002927	32
360.169250	4	0.003902	13
360.169250	5	0.004878	10
360.169250	6	0.005854	7
360.169250	7	0.006829	11
360.169250	8	0.007805	3
360.169250	9	0.008780	11
360.169250	10	0.009756	5
360.169250	11	0.010732	3
360.169250	19	0.018537	1
360.169250	14	0.013659	4
360.169250	13	0.012683	3
360.169250	21	0.020488	1
360.169250	16	0.015610	1
360.169250	20	0.019512	1
360.169250	27	0.026341	1
360.169250	24	0.023415	1
360.169250	15	0.014634	3
360.169250	12	0.011707	3
360.169250	22	0.021463	1
360.169250	17	0.016585	1
370.169708	1	0.000977	82
370.169708	2	0.001953	40
370.169708	3	0.002930	17
370.169708	4	0.003906	23
370.169708	5	0.004883	11
370.169708	6	0.005859	9
370.169708	7	0.006836	3
370.169708	8	0.007812	6
370.169708	9	0.008789	8
370.169708	10	0.009766	2
370.169708	37	0.036133	1
370.169708	15	0.014648	4
370.169708	13	0.012695	3
370.169708	12	0.011719	2
370.169708	27	0.026367	1
370.169708	45	0.043945	1
370.169708	17	0.016602	2
370.169708	14	0.013672	2
370.169708	11	0.010742	2
370.169708	25	0.024414	1
370.169708	16	0.015625	1
370.169708	23	0.022461	1
370.169708	48	0.046875	1
370.169708	21	0.020508	1
380.170074	1	0.000976	87
380.170074	2	0.001951	37
380.170074	3	0.002927	18
380.170074	4	0.003902	25
380.170074	5	0.004878	12
380.170074	6	0.005854	13
380.170074	7	0.006829	9
380.170074	8	0.007805	9
380.170074	9	0.008780	2
380.170074	10	0.009756	6
380.170074	28	0.027317	1
380.170074	11	0.010732	3
380.170074	21	0.020488	1
380.170074	18	0.017561	4
380.170074	19	0.018537	1
380.170074	27	0.026341	1
380.170074	26	0.025366	1
380.170074	17	0.016585	1
380.170074	13	0.012683	2
380.170074	14	0.013659	1
380.170074	15	0.014634	1
380.170074	24	0.023415	1
380.170074	37	0.036098	1
390.171082	1	0.000976	77
390.171082	2	0.001951	37
390.171082	3	0.002927	30
390.171082	4	0.003902	15
390.171082	5	0.004878	12
390.171082	6	0.005854	9
390.171082	7	0.006829	11
390.171082	8	0.007805	5
390.171082	9	0.008780	4
390.171082	10	0.009756	3
390.171082	30	0.029268	2
390.171082	32	0.031220	1
390.171082	12	0.011707	3
390.171082	23	0.022439	1
390.171082	17	0.016585	1
390.171082	11	0.010732	2
390.171082	39	0.038049	1
390.171082	18	0.017561	1
390.171082	22	0.021463	1
390.171082	14	0.013659	3
390.171082	27	0.026341	1
390.171082	19	0.018537	2
390.171082	15	0.014634	1
390.171082	36	0.035122	1
400.171753	1	0.000976	62
400.171753	2	0.001951	41
400.171753	3	0.002927	19
400.171753	4	0.003902	12
400.171753	5	0.004878	15
400.171753	6	0.005854	7
400.171753	7	0.006829	6
400.171753	8	0.007805	4
400.171753	9	0.008780	7
400.171753	10	0.009756	5
400.171753	60	0.058537	1
400.171753	68	0.066341	1
400.171753	49	0.047805	1
400.171753	17	0.016585	3
400.171753	25	0.024390	2
400.171753	14	0.013659	1
400.171753	15	0.014634	1
400.171753	12	0.011707	1
400.171753	21	0.020488	1
400.171753	38	0.037073	1
400.171753	23	0.022439	1
400.171753	13	0.012683	4
400.171753	19	0.018537	1
410.172516	1	0.000976	75
410.172516	2	0.001951	37
410.172516	3	0.002927	25
410.172516	4	0.003902	22
410.172516	5	0.004878	14
410.172516	6	0.005854	10
410.172516	7	0.006829	7
410.172516	8	0.007805	4
410.172516	9	0.008780	3
410.172516	10	0.009756	4
410.172516	13	0.012683	3
410.172516	40	0.039024	1
410.172516	29	0.028293	1
410.172516	36	0.035122	1
410.172516	18	0.017561	1
410.172516	23	0.022439	2
410.172516	21	0.020488	2
410.172516	19	0.018537	1
410.172516	20	0.019512	1
410.172516	17	0.016585	2
410.172516	11	0.010732	6
410.172516	16	0.015610	2
410.172516	14	0.013659	1
420.173126	1	0.000976	75
420.173126	2	0.001951	40
420.173126	3	0.002927	28
420.173126	4	0.003902	15
420.173126	5	0.004878	9
420.173126	6	0.005854	7
420.173126	7	0.006829	6
420.173126	8	0.007805	7
420.173126	9	0.008780	3
420.173126	10	0.009756	5
420.173126	14	0.013659	5
420.173126	11	0.010732	3
420.173126	12	0.011707	7
420.173126	13	0.012683	3
420.173126	25	0.024390	2
420.173126	36	0.035122	1
420.173126	23	0.022439	1
420.173126	17	0.016585	1
420.173126	22	0.021463	2
420.173126	26	0.025366	1
420.173126	27	0.026341	1
420.173126	15	0.014634	1
430.173401	1	0.000977	88
430.173401	2	0.001953	37
430.173401	3	0.002930	24
430.173401	4	0.003906	19
430.173401	5	0.004883	10
430.173401	6	0.005859	11
430.173401	7	0.006836	10
430.173401	8	0.007812	6
430.173401	9	0.008789	6
430.173401	10	0.009766	6
430.173401	14	0.013672	5
430.173401	19	0.018555	2
430.173401	11	0.010742	4
430.173401	13	0.012695	2
430.173401	20	0.019531	1
430.173401	12	0.011719	3
430.173401	15	0.014648	2
430.173401	21	0.020508	1
430.173401	30	0.029297	1
430.173401	18	0.017578	1
430.173401	17	0.016602	1
430.173401	16	0.015625	1
440.174347	1	0.000976	79
440.174347	2	0.001951	49
440.174347	3	0.002927	25
440.174347	4	0.003902	17
440.174347	5	0.004878	9
440.174347	6	0.005854	11
440.174347	7	0.006829	5
440.174347	8	0.007805	6
440.174347	9	0.008780	2
440.174347	10	0.009756	4
440.174347	12	0.011707	5
440.174347	43	0.041951	1
440.174347	18	0.017561	1
440.174347	29	0.028293	3
440.174347	13	0.012683	3
440.174347	15	0.014634	2
440.174347	16	0.015610	3
440.174347	11	0.010732	3
440.174347	21	0.020488	1
440.174347	14	0.013659	1
440.174347	20	0.019512	3
450.174835	1	0.000976	74
450.174835	2	0.001951	39
450.174835	3	0.002927	30
450.174835	4	0.003902	8
450.174835	5	0.004878	10
450.174835	6	0.005854	6
450.174835	7	0.006829	8
450.174835	8	0.007805	5
450.174835	9	0.008780	4
450.174835	10	0.009756	3
450.174835	47	0.045854	1
450.174835	11	0.010732	3
450.174835	21	0.020488	2
450.174835	29	0.028293	4
450.174835	13	0.012683	3
450.174835	28	0.027317	1
450.174835	12	0.011707	3
450.174835	20	0.019512	3
450.174835	15	0.014634	2
450.174835	19	0.018537	1
450.174835	17	0.016585	1
450.174835	22	0.021463	1
450.174835	14	0.013659	1
460.175659	1	0.000976	81
460.175659	2	0.001951	28
460.175659	3	0.002927	27
460.175659	4	0.003902	21
460.175659	5	0.004878	10
460.175659	6	0.005854	14
460.175659	7	0.006829	4
460.175659	8	0.007805	8
460.175659	9	0.008780	2
460.175659	10	0.009756	7
460.175659	16	0.015610	4
460.175659	15	0.014634	3
460.175659	22	0.021463	1
460.175659	14	0.013659	5
460.175659	13	0.012683	4
460.175659	12	0.011707	6
460.175659	17	0.016585	2
460.175659	28	0.027317	1
460.175659	11	0.010732	2
470.176636	1	0.000976	75
470.176636	2	0.001951	38
470.176636	3	0.002927	27
470.176636	4	0.003902	26
470.176636	5	0.004878	8
470.176636	6	0.005854	6
470.176636	7	0.006829	8
470.176636	8	0.007805	4
470.176636	9	0.008780	6
470.176636	10	0.009756	3
470.176636	12	0.011707	4
470.176636	13	0.012683	3
470.176636	20	0.019512	1
470.176636	44	0.042927	1
470.176636	18	0.017561	4
470.176636	11	0.010732	1
470.176636	15	0.014634	4
470.176636	28	0.027317	1
470.176636	14	0.013659	3
470.176636	21	0.020488	1
470.176636	16	0.015610	2
470.176636	24	0.023415	1
480.177307	1	0.000976	87
480.177307	2	0.001951	28
480.177307	3	0.002927	26
480.177307	4	0.003902	13
480.177307	5	0.004878	16
480.177307	6	0.005854	5
480.177307	7	0.006829	8
480.177307	8	0.007805	1
480.177307	9	0.008780	2
480.177307	10	0.009756	6
480.177307	42	0.040976	1
480.177307	18	0.017561	3
480.177307	24	0.023415	2
480.177307	15	0.014634	2
480.177307	14	0.013659	2
480.177307	17	0.016585	1
480.177307	26	0.025366	1
480.177307	66	0.064390	1
480.177307	22	0.021463	1
480.177307	27	0.026341	1
480.177307	13	0.012683	2
480.177307	19	0.018537	2
480.177307	31	0.030244	1
480.177307	11	0.010732	3
480.177307	12	0.011707	1
490.178162	1	0.000976	82
490.178162	2	0.001951	36
490.178162	3	0.002927	22
490.178162	4	0.003902	17
490.178162	5	0.004878	11
490.178162	6	0.005854	13
490.178162	7	0.006829	9
490.178162	8	0.007805	10
490.178162	9	0.008780	3
490.178162	10	0.009756	6
490.178162	27	0.026341	1
490.178162	23	0.022439	1
490.178162	11	0.010732	2
490.178162	31	0.030244	1
490.178162	12	0.011707	3
490.178162	17	0.016585	2
490.178162	22	0.021463	1
490.178162	16	0.015610	3
490.178162	19	0.018537	1
490.178162	15	0.014634	3
490.178162	28	0.027317	1
490.178162	13	0.012683	3
500.179108	1	0.000974	86
500.179108	2	0.001947	50
500.179108	3	0.002921	17
500.179108	4	0.003895	11
500.179108	5	0.004869	16
500.179108	6	0.005842	13
500.179108	7	0.006816	4
500.179108	8	0.007790	5
500.179108	9	0.008763	7
500.179108	10	0.009737	3
500.179108	20	0.019474	2
500.179108	14	0.013632	4
500.179108	13	0.012658	2
500.179108	11	0.010711	2
500.179108	21	0.020448	1
500.179108	17	0.016553	2
500.179108	22	0.021422	1
500.179108	12	0.011685	2
500.179108	16	0.015579	2
500.179108	51	0.049659	1
500.179108	18	0.017527	3
500.179108	15	0.014606	3
510.180298	1	0.000976	85
510.180298	2	0.001951	32
510.180298	3	0.002927	22
510.180298	4	0.003902	16
510.180298	5	0.004878	16
510.180298	6	0.005854	16
510.180298	7	0.006829	7
510.180298	8	0.007805	5
510.180298	9	0.008780	3
510.180298	10	0.009756	5
510.180298	12	0.011707	5
510.180298	14	0.013659	1
510.180298	16	0.015610	2
510.180298	47	0.045854	1
510.180298	11	0.010732	5
510.180298	27	0.026341	1
510.180298	24	0.023415	1
510.180298	13	0.012683	2
510.180298	32	0.031220	1
510.180298	33	0.032195	1
510.180298	15	0.014634	1
510.180298	18	0.017561	1
510.180298	21	0.020488	1
520.181213	1	0.000976	70
520.181213	2	0.001951	35
520.181213	3	0.002927	26
520.181213	4	0.003902	16
520.181213	5	0.004878	9
520.181213	6	0.005854	12
520.181213	7	0.006829	10
520.181213	8	0.007805	4
520.181213	9	0.008780	7
520.181213	10	0.009756	2
520.181213	33	0.032195	1
520.181213	12	0.011707	3
520.181213	14	0.013659	2
520.181213	26	0.025366	2
520.181213	25	0.024390	2
520.181213	22	0.021463	1
520.181213	29	0.028293	1
520.181213	18	0.017561	2
520.181213	32	0.031220	1
520.181213	17	0.016585	2
520.181213	24	0.023415	1
520.181213	11	0.010732	2
520.181213	27	0.026341	1
520.181213	16	0.015610	1
530.182007	1	0.000976	85
530.182007	2	0.001951	31
530.182007	3	0.002927	14
530.182007	4	0.003902	19
530.182007	5	0.004878	8
530.182007	6	0.005854	6
530.182007	7	0.006829	8
530.182007	8	0.007805	4
530.182007	9	0.008780	3
530.182007	10	0.009756	5
530.182007	34	0.033171	2
530.182007	12	0.011707	3
530.182007	18	0.017561	1
530.182007	15	0.014634	2
530.182007	13	0.012683	3
530.182007	21	0.020488	4
530.182007	30	0.029268	1
530.182007	11	0.010732	3
530.182007	17	0.016585	1
530.182007	19	0.018537	1
530.182007	23	0.022439	1
530.182007	20	0.019512	1
530.182007	26	0.025366	1
530.182007	35	0.034146	1
530.182007	25	0.024390	1
530.182007	16	0.015610	1
540.182495	1	0.000976	84
540.182495	2	0.001951	32
540.182495	3	0.002927	23
540.182495	4	0.003902	12
540.182495	5	0.004878	12
540.182495	6	0.005854	10
540.182495	7	0.006829	5
540.182495	8	0.007805	9
540.182495	9	0.008780	3
540.182495	10	0.009756	7
540.182495	21	0.020488	2
540.182495	18	0.017561	2
540.182495	14	0.013659	3
540.182495	16	0.015610	3
540.182495	33	0.032195	1
540.182495	20	0.019512	1
540.182495	11	0.010732	4
540.182495	27	0.026341	1
540.182495	46	0.044878	1
540.182495	38	0.037073	1
540.182495	17	0.016585	1
540.182495	12	0.011707	2
540.182495	19	0.018537	1
550.183167	1	0.000976	73
550.183167	2	0.001951	38
550.183167	3	0.002927	22
550.183167	4	0.003902	10
550.183167	5	0.004878	11
550.183167	6	0.005854	8
550.183167	7	0.006829	13
550.183167	8	0.007805	6
550.183167	9	0.008780	4
550.183167	10	0.009756	8
550.183167	26	0.025366	1
550.183167	15	0.014634	1
550.183167	27	0.026341	2
550.183167	14	0.013659	4
550.183167	22	0.021463	2
550.183167	19	0.018537	2
550.183167	17	0.016585	2
550.183167	24	0.023415	1
550.183167	20	0.019512	1
550.183167	12	0.011707	1
550.183167	11	0.010732	1
550.183167	23	0.022439	2
550.183167	16	0.015610	2
560.183594	1	0.000976	69
560.183594	2	0.001951	40
560.183594	3	0.002927	21
560.183594	4	0.003902	19
560.183594	5	0.004878	13
560.183594	6	0.005854	10
560.183594	7	0.006829	6
560.183594	8	0.007805	7
560.183594	9	0.008780	6
560.183594	10	0.009756	0
560.183594	18	0.017561	1
560.183594	68	0.066341	1
560.183594	28	0.027317	1
560.183594	11	0.010732	4
560.183594	37	0.036098	2
560.183594	23	0.022439	1
560.183594	22	0.021463	1
560.183594	24	0.023415	2
560.183594	13	0.012683	1
560.183594	30	0.029268	1
560.183594	20	0.019512	1
560.183594	14	0.013659	2
560.183594	15	0.014634	1
560.183594	17	0.016585	1
560.183594	12	0.011707	1
570.183838	1	0.000977	71
570.183838	2	0.001953	44
570.183838	3	0.002930	35
570.183838	4	0.003906	12
570.183838	5	0.004883	10
570.183838	6	0.005859	7
570.183838	7	0.006836	2
570.183838	8	0.007812	7
570.183838	9	0.008789	5
570.183838	10	0.009766	5
570.183838	11	0.010742	3
570.183838	24	0.023438	3
570.183838	15	0.014648	3
570.183838	13	0.012695	3
570.183838	29	0.028320	1
570.183838	14	0.013672	2
570.183838	19	0.018555	2
570.183838	25	0.024414	2
570.183838	23	0.022461	1
570.183838	28	0.027344	1
570.183838	26	0.025391	1
570.183838	16	0.015625	2
570.183838	12	0.011719	1
580.184509	1	0.000976	73
580.184509	2	0.001951	44
580.184509	3	0.002927	21
580.184509	4	0.003902	19
580.184509	5	0.004878	14
580.184509	6	0.005854	7
580.184509	7	0.006829	2
580.184509	8	0.007805	6
580.184509	9	0.008780	7
580.184509	10	0.009756	3
580.184509	20	0.019512	1
580.184509	17	0.016585	4
580.184509	37	0.036098	1
580.184509	11	0.010732	7
580.184509	24	0.023415	2
580.184509	16	0.015610	1
580.184509	14	0.013659	1
580.184509	18	0.017561	1
580.184509	12	0.011707	1
580.184509	19	0.018537	2
580.184509	15	0.014634	2
580.184509	29	0.028293	1
580.184509	30	0.029268	1
580.184509	21	0.020488	1
590.185059	1	0.000976	80
590.185059	2	0.001951	50
590.185059	3	0.002927	28
590.185059	4	0.003902	11
590.185059	5	0.004878	13
590.185059	6	0.005854	5
590.185059	7	0.006829	8
590.185059	8	0.007805	7
590.185059	9	0.008780	6
590.185059	10	0.009756	6
590.185059	12	0.011707	1
590.185059	20	0.019512	1
590.185059	24	0.023415	1
590.185059	40	0.039024	1
590.185059	15	0.014634	3
590.185059	21	0.020488	2
590.185059	23	0.022439	2
590.185059	16	0.015610	2
590.185059	19	0.018537	1
590.185059	28	0.027317	1
590.185059	25	0.024390	1
590.185059	14	0.013659	2
590.185059	11	0.010732	2
590.185059	13	0.012683	1
600.185547	1	0.000976	64
600.185547	2	0.001951	44
600.185547	3	0.002927	24
600.185547	4	0.003902	14
600.185547	5	0.004878	12
600.185547	6	0.005854	10
600.185547	7	0.006829	11
600.185547	8	0.007805	5
600.185547	9	0.008780	6
600.185547	10	0.009756	2
600.185547	46	0.044878	1
600.185547	14	0.013659	4
600.185547	25	0.024390	1
600.185547	22	0.021463	1
600.185547	19	0.018537	2
600.185547	20	0.019512	1
600.185547	15	0.014634	4
600.185547	12	0.011707	5
600.185547	13	0.012683	3
600.185547	17	0.016585	1
600.185547	11	0.010732	1
600.185547	24	0.023415	1
600.185547	16	0.015610	1
610.186829	1	0.000976	78
610.186829	2	0.001951	30
610.186829	3	0.002927	22
610.186829	4	0.003902	18
610.186829	5	0.004878	10
610.186829	6	0.005854	8
610.186829	7	0.006829	6
610.186829	8	0.007805	2
610.186829	9	0.008780	4
610.186829	10	0.009756	3
610.186829	32	0.031220	1
610.186829	11	0.010732	4
610.186829	19	0.018537	3
610.186829	12	0.011707	3
610.186829	52	0.050732	1
610.186829	15	0.014634	1
610.186829	18	0.017561	2
610.186829	20	0.019512	4
610.186829	16	0.015610	1
610.186829	13	0.012683	4
610.186829	38	0.037073	1
610.186829	14	0.013659	2
610.186829	24	0.023415	1
610.186829	17	0.016585	1
620.187622	1	0.000976	95
620.187622	2	0.001951	31
620.187622	3	0.002927	24
620.187622	4	0.003902	22
620.187622	5	0.004878	12
620.187622	6	0.005854	6
620.187622	7	0.006829	5
620.187622	8	0.007805	3
620.187622	9	0.008780	2
620.187622	10	0.009756	0
620.187622	19	0.018537	3
620.187622	11	0.010732	3
620.187622	35	0.034146	1
620.187622	16	0.015610	3
620.187622	23	0.022439	1
620.187622	13	0.012683	5
620.187622	17	0.016585	3
620.187622	14	0.013659	3
620.187622	30	0.029268	1
620.187622	28	0.027317	1
620.187622	12	0.011707	1
620.187622	22	0.021463	1
620.187622	48	0.046829	1
620.187622	21	0.020488	1
620.187622	20	0.019512	1
630.188110	1	0.000976	80
630.188110	2	0.001951	41
630.188110	3	0.002927	28
630.188110	4	0.003902	20
630.188110	5	0.004878	10
630.188110	6	0.005854	14
630.188110	7	0.006829	5
630.188110	8	0.007805	7
630.188110	9	0.008780	2
630.188110	10	0.009756	4
630.188110	19	0.018537	2
630.188110	21	0.020488	1
630.188110	20	0.019512	1
630.188110	16	0.015610	1
630.188110	28	0.027317	1
630.188110	14	0.013659	2
630.188110	18	0.017561	1
630.188110	24	0.023415	1
630.188110	25	0.024390	1
630.188110	30	0.029268	1
630.188110	22	0.021463	1
630.188110	12	0.011707	3
630.188110	17	0.016585	3
630.188110	11	0.010732	3
630.188110	13	0.012683	2
640.188721	1	0.000976	78
640.188721	2	0.001951	39
640.188721	3	0.002927	20
640.188721	4	0.003902	12
640.188721	5	0.004878	9
640.188721	6	0.005854	10
640.188721	7	0.006829	6
640.188721	8	0.007805	7
640.188721	9	0.008780	7
640.188721	10	0.009756	2
640.188721	13	0.012683	7
640.188721	20	0.019512	2
640.188721	25	0.024390	2
640.188721	16	0.015610	2
640.188721	11	0.010732	1
640.188721	24	0.023415	1
640.188721	14	0.013659	3
640.188721	12	0.011707	2
640.188721	32	0.031220	1
640.188721	21	0.020488	1
640.188721	35	0.034146	1
640.188721	15	0.014634	2
640.188721	17	0.016585	1
640.188721	26	0.025366	1
650.189270	1	0.000976	95
650.189270	2	0.001951	30
650.189270	3	0.002927	26
650.189270	4	0.003902	17
650.189270	5	0.004878	10
650.189270	6	0.005854	5
650.189270	7	0.006829	7
650.189270	8	0.007805	6
650.189270	9	0.008780	2
650.189270	10	0.009756	3
650.189270	39	0.038049	2
650.189270	33	0.032195	1
650.189270	13	0.012683	4
650.189270	29	0.028293	1
650.189270	11	0.010732	3
650.189270	17	0.016585	2
650.189270	21	0.020488	1
650.189270	12	0.011707	6
650.189270	22	0.021463	2
650.189270	20	0.019512	1
650.189270	19	0.018537	1
650.189270	15	0.014634	1
650.189270	35	0.034146	1
650.189270	14	0.013659	1
660.190308	1	0.000976	90
660.190308	2	0.001951	27
660.190308	3	0.002927	20
660.190308	4	0.003902	14
660.190308	5	0.004878	12
660.190308	6	0.005854	10
660.190308	7	0.006829	14
660.190308	8	0.007805	8
660.190308	9	0.008780	11
660.190308	10	0.009756	2
660.190308	43	0.041951	1
660.190308	11	0.010732	1
660.190308	30	0.029268	1
660.190308	22	0.021463	1
660.190308	25	0.024390	1
660.190308	13	0.012683	4
660.190308	15	0.014634	2
660.190308	21	0.020488	1
660.190308	16	0.015610	2
660.190308	12	0.011707	4
660.190308	14	0.013659	1
660.190308	18	0.017561	2
670.191284	1	0.000976	77
670.191284	2	0.001951	43
670.191284	3	0.002927	25
670.191284	4	0.003902	15
670.191284	5	0.004878	11
670.191284	6	0.005854	12
670.191284	7	0.006829	4
670.191284	8	0.007805	4
670.191284	9	0.008780	8
670.191284	10	0.009756	5
670.191284	35	0.034146	2
670.191284	16	0.015610	4
670.191284	19	0.018537	1
670.191284	13	0.012683	4
670.191284	25	0.024390	1
670.191284	24	0.023415	2
670.191284	11	0.010732	2
670.191284	21	0.020488	1
670.191284	15	0.014634	2
670.191284	18	0.017561	1
670.191284	12	0.011707	1
670.191284	23	0.022439	1
670.191284	14	0.013659	1
680.191772	1	0.000977	89
680.191772	2	0.001953	42
680.191772	3	0.002930	19
680.191772	4	0.003906	19
680.191772	5	0.004883	12
680.191772	6	0.005859	12
680.191772	7	0.006836	6
680.191772	8	0.007812	4
680.191772	9	0.008789	4
680.191772	10	0.009766	0
680.191772	16	0.015625	2
680.191772	26	0.025391	2
680.191772	14	0.013672	2
680.191772	58	0.056641	1
680.191772	46	0.044922	1
680.191772	59	0.057617	1
680.191772	11	0.010742	5
680.191772	23	0.022461	2
680.191772	39	0.038086	1
680.191772	19	0.018555	1
680.191772	17	0.016602	1
680.191772	13	0.012695	1
680.191772	12	0.011719	1
690.192749	1	0.000976	78
690.192749	2	0.001951	40
690.192749	3	0.002927	18
690.192749	4	0.003902	15
690.192749	5	0.004878	8
690.192749	6	0.005854	8
690.192749	7	0.006829	6
690.192749	8	0.007805	7
690.192749	9	0.008780	4
690.192749	10	0.009756	4
690.192749	26	0.025366	1
690.192749	22	0.021463	2
690.192749	13	0.012683	2
690.192749	11	0.010732	5
690.192749	15	0.014634	2
690.192749	20	0.019512	1
690.192749	21	0.020488	2
690.192749	40	0.039024	1
690.192749	28	0.027317	1
690.192749	24	0.023415	2
690.192749	33	0.032195	1
690.192749	17	0.016585	2
690.192749	12	0.011707	2
690.192749	25	0.024390	1
690.192749	16	0.015610	1
700.193420	1	0.000976	81
700.193420	2	0.001951	34
700.193420	3	0.002927	24
700.193420	4	0.003902	14
700.193420	5	0.004878	9
700.193420	6	0.005854	15
700.193420	7	0.006829	9
700.193420	8	0.007805	4
700.193420	9	0.008780	5
700.193420	10	0.009756	3
700.193420	14	0.013659	4
700.193420	16	0.015610	1
700.193420	12	0.011707	3
700.193420	24	0.023415	1
700.193420	32	0.031220	1
700.193420	48	0.046829	1
700.193420	31	0.030244	1
700.193420	36	0.035122	1
700.193420	26	0.025366	2
700.193420	21	0.020488	1
700.193420	20	0.019512	1
700.193420	23	0.022439	1
700.193420	13	0.012683	2
700.193420	22	0.021463	1
710.194031	1	0.000977	85
710.194031	2	0.001953	47
710.194031	3	0.002930	20
710.194031	4	0.003906	21
710.194031	5	0.004883	8
710.194031	6	0.005859	7
710.194031	7	0.006836	4
710.194031	8	0.007812	6
710.194031	9	0.008789	6
710.194031	10	0.009766	8
710.194031	27	0.026367	2
710.194031	39	0.038086	2
710.194031	14	0.013672	2
710.194031	33	0.032227	1
710.194031	19	0.018555	1
710.194031	15	0.014648	1
710.194031	28	0.027344	1
710.194031	12	0.011719	5
710.194031	13	0.012695	2
710.194031	23	0.022461	1
710.194031	16	0.015625	1
710.194031	18	0.017578	1
710.194031	11	0.010742	1
720.195251	1	0.000976	83
720.195251	2	0.001951	35
720.195251	3	0.002927	19
720.195251	4	0.003902	19
720.195251	5	0.004878	15
720.195251	6	0.005854	8
720.195251	7	0.006829	7
720.195251	8	0.007805	4
720.195251	9	0.008780	3
720.195251	10	0.009756	4
720.195251	30	0.029268	1
720.195251	16	0.015610	2
720.195251	39	0.038049	1
720.195251	23	0.022439	1
720.195251	28	0.027317	1
720.195251	21	0.020488	1
720.195251	11	0.010732	4
720.195251	12	0.011707	3
720.195251	20	0.019512	1
720.195251	14	0.013659	2
720.195251	19	0.018537	1
720.195251	34	0.033171	1
720.195251	52	0.050732	1
720.195251	36	0.035122	1
720.195251	13	0.012683	2
730.195923	1	0.000976	82
730.195923	2	0.001951	31
730.195923	3	0.002927	18
730.195923	4	0.003902	16
730.195923	5	0.004878	14
730.195923	6	0.005854	9
730.195923	7	0.006829	7
730.195923	8	0.007805	7
730.195923	9	0.008780	4
730.195923	10	0.009756	3
730.195923	18	0.017561	2
730.195923	24	0.023415	1
730.195923	22	0.021463	2
730.195923	17	0.016585	1
730.195923	29	0.028293	1
730.195923	20	0.019512	3
730.195923	13	0.012683	4
730.195923	27	0.026341	1
730.195923	21	0.020488	1
730.195923	32	0.031220	1
730.195923	23	0.022439	1
730.195923	11	0.010732	3
730.195923	14	0.013659	3
730.195923	12	0.011707	1
730.195923	16	0.015610	1
740.196533	1	0.000976	85
740.196533	2	0.001951	31
740.196533	3	0.002927	21
740.196533	4	0.003902	9
740.196533	5	0.004878	8
740.196533	6	0.005854	12
740.196533	7	0.006829	7
740.196533	8	0.007805	6
740.196533	9	0.008780	2
740.196533	10	0.009756	4
740.196533	11	0.010732	3
740.196533	12	0.011707	4
740.196533	16	0.015610	3
740.196533	36	0.035122	3
740.196533	20	0.019512	1
740.196533	19	0.018537	2
740.196533	13	0.012683	2
740.196533	24	0.023415	1
740.196533	26	0.025366	1
740.196533	17	0.016585	2
740.196533	14	0.013659	2
740.196533	23	0.022439	2
740.196533	18	0.017561	1
740.196533	15	0.014634	1
750.197144	1	0.000977	85
750.197144	2	0.001953	32
750.197144	3	0.002930	19
750.197144	4	0.003906	12
750.197144	5	0.004883	13
750.197144	6	0.005859	7
750.197144	7	0.006836	7
750.197144	8	0.007812	5
750.197144	9	0.008789	8
750.197144	10	0.009766	5
750.197144	13	0.012695	3
750.197144	16	0.015625	5
750.197144	15	0.014648	2
750.197144	11	0.010742	3
750.197144	35	0.034180	1
750.197144	25	0.024414	1
750.197144	36	0.035156	1
750.197144	14	0.013672	2
750.197144	31	0.030273	1
750.197144	18	0.017578	3
750.197144	21	0.020508	2
750.197144	19	0.018555	1
760.197510	1	0.000976	82
760.197510	2	0.001951	37
760.197510	3	0.002927	21
760.197510	4	0.003902	16
760.197510	5	0.004878	13
760.197510	6	0.005854	7
760.197510	7	0.006829	6
760.197510	8	0.007805	6
760.197510	9	0.008780	5
760.197510	10	0.009756	3
760.197510	27	0.026341	1
760.197510	21	0.020488	1
760.197510	15	0.014634	3
760.197510	12	0.011707	3
760.197510	11	0.010732	6
760.197510	23	0.022439	1
760.197510	18	0.017561	1
760.197510	32	0.031220	2
760.197510	25	0.024390	2
760.197510	22	0.021463	1
760.197510	16	0.015610	2
760.197510	13	0.012683	4
760.197510	14	0.013659	1
770.197876	1	0.000977	73
770.197876	2	0.001953	44
770.197876	3	0.002930	27
770.197876	4	0.003906	15
770.197876	5	0.004883	14
770.197876	6	0.005859	10
770.197876	7	0.006836	11
770.197876	8	0.007812	4
770.197876	9	0.008789	3
770.197876	10	0.009766	3
770.197876	11	0.010742	4
770.197876	16	0.015625	1
770.197876	29	0.028320	1
770.197876	26	0.025391	1
770.197876	14	0.013672	5
770.197876	15	0.014648	2
770.197876	13	0.012695	3
770.197876	23	0.022461	1
770.197876	12	0.011719	3
770.197876	22	0.021484	1
770.197876	17	0.016602	1
770.197876	20	0.019531	1
770.197876	18	0.017578	3
780.198486	1	0.000976	75
780.198486	2	0.001951	48
780.198486	3	0.002927	29
780.198486	4	0.003902	14
780.198486	5	0.004878	10
780.198486	6	0.005854	9
780.198486	7	0.006829	4
780.198486	8	0.007805	5
780.198486	9	0.008780	8
780.198486	10	0.009756	3
780.198486	12	0.011707	6
780.198486	18	0.017561	2
780.198486	13	0.012683	4
780.198486	21	0.020488	3
780.198486	37	0.036098	1
780.198486	24	0.023415	1
780.198486	25	0.024390	1
780.198486	20	0.019512	1
780.198486	14	0.013659	2
780.198486	16	0.015610	2
780.198486	22	0.021463	1
780.198486	11	0.010732	1
780.198486	15	0.014634	1
790.199158	1	0.000976	96
790.199158	2	0.001951	34
790.199158	3	0.002927	28
790.199158	4	0.003902	19
790.199158	5	0.004878	9
790.199158	6	0.005854	11
790.199158	7	0.006829	8
790.199158	8	0.007805	7
790.199158	9	0.008780	1
790.199158	10	0.009756	5
790.199158	18	0.017561	3
790.199158	24	0.023415	1
790.199158	21	0.020488	1
790.199158	12	0.011707	4
790.199158	36	0.035122	1
790.199158	17	0.016585	1
790.199158	13	0.012683	2
790.199158	26	0.025366	1
790.199158	23	0.022439	2
790.199158	15	0.014634	2
790.199158	33	0.032195	2
790.199158	11	0.010732	1
790.199158	14	0.013659	1
800.200256	1	0.000976	71
800.200256	2	0.001951	25
800.200256	3	0.002927	26
800.200256	4	0.003902	23
800.200256	5	0.004878	7
800.200256	6	0.005854	6
800.200256	7	0.006829	8
800.200256	8	0.007805	9
800.200256	9	0.008780	4
800.200256	10	0.009756	3
800.200256	27	0.026341	1
800.200256	12	0.011707	5
800.200256	29	0.028293	1
800.200256	52	0.050732	1
800.200256	15	0.014634	3
800.200256	17	0.016585	3
800.200256	33	0.032195	1
800.200256	14	0.013659	3
800.200256	11	0.010732	2
800.200256	13	0.012683	4
800.200256	37	0.036098	1
800.200256	19	0.018537	1
810.200989	1	0.000976	88
810.200989	2	0.001951	41
810.200989	3	0.002927	16
810.200989	4	0.003902	20
810.200989	5	0.004878	12
810.200989	6	0.005854	4
810.200989	7	0.006829	7
810.200989	8	0.007805	4
810.200989	9	0.008780	4
810.200989	10	0.009756	6
810.200989	21	0.020488	1
810.200989	13	0.012683	4
810.200989	18	0.017561	1
810.200989	12	0.011707	6
810.200989	43	0.041951	1
810.200989	15	0.014634	2
810.200989	24	0.023415	1
810.200989	17	0.016585	4
810.200989	11	0.010732	3
810.200989	33	0.032195	1
810.200989	14	0.013659	1
810.200989	19	0.018537	1
810.200989	16	0.015610	1
810.200989	23	0.022439	1
820.201843	1	0.000976	71
820.201843	2	0.001951	43
820.201843	3	0.002927	15
820.201843	4	0.003902	12
820.201843	5	0.004878	10
820.201843	6	0.005854	11
820.201843	7	0.006829	5
820.201843	8	0.007805	9
820.201843	9	0.008780	5
820.201843	10	0.009756	6
820.201843	19	0.018537	3
820.201843	32	0.031220	2
820.201843	21	0.020488	2
820.201843	27	0.026341	1
820.201843	15	0.014634	2
820.201843	12	0.011707	4
820.201843	25	0.024390	1
820.201843	18	0.017561	1
820.201843	26	0.025366	1
820.201843	31	0.030244	1
820.201843	11	0.010732	1
820.201843	20	0.019512	1
820.201843	17	0.016585	2
820.201843	14	0.013659	1
830.202881	1	0.000976	73
830.202881	2	0.001951	32
830.202881	3	0.002927	21
830.202881	4	0.003902	19
830.202881	5	0.004878	10
830.202881	6	0.005854	10
830.202881	7	0.006829	9
830.202881	8	0.007805	7
830.202881	9	0.008780	4
830.202881	10	0.009756	3
830.202881	19	0.018537	1
830.202881	17	0.016585	4
830.202881	20	0.019512	1
830.202881	29	0.028293	1
830.202881	11	0.010732	7
830.202881	14	0.013659	3
830.202881	12	0.011707	3
830.202881	13	0.012683	3
830.202881	35	0.034146	1
830.202881	24	0.023415	1
830.202881	18	0.017561	1
830.202881	15	0.014634	1
830.202881	16	0.015610	2
840.203308	1	0.000976	84
840.203308	2	0.001951	33
840.203308	3	0.002927	19
840.203308	4	0.003902	16
840.203308	5	0.004878	5
840.203308	6	0.005854	9
840.203308	7	0.006829	7
840.203308	8	0.007805	3
840.203308	9	0.008780	7
840.203308	10	0.009756	2
840.203308	17	0.016585	3
840.203308	20	0.019512	3
840.203308	31	0.030244	1
840.203308	38	0.037073	1
840.203308	21	0.020488	2
840.203308	16	0.015610	2
840.203308	26	0.025366	1
840.203308	28	0.027317	1
840.203308	12	0.011707	2
840.203308	11	0.010732	1
840.203308	23	0.022439	1
840.203308	22	0.021463	3
840.203308	27	0.026341	1
840.203308	30	0.029268	1
840.203308	15	0.014634	2
850.203979	1	0.000976	74
850.203979	2	0.001951	40
850.203979	3	0.002927	15
850.203979	4	0.003902	14
850.203979	5	0.004878	15
850.203979	6	0.005854	5
850.203979	7	0.006829	8
850.203979	8	0.007805	6
850.203979	9	0.008780	5
850.203979	10	0.009756	3
850.203979	17	0.016585	1
850.203979	23	0.022439	2
850.203979	31	0.030244	2
850.203979	26	0.025366	3
850.203979	13	0.012683	2
850.203979	29	0.028293	1
850.203979	15	0.014634	3
850.203979	11	0.010732	2
850.203979	12	0.011707	3
850.203979	14	0.013659	2
850.203979	51	0.049756	1
850.203979	18	0.017561	1
850.203979	28	0.027317	1
860.204712	1	0.000976	71
860.204712	2	0.001951	40
860.204712	3	0.002927	26
860.204712	4	0.003902	14
860.204712	5	0.004878	7
860.204712	6	0.005854	6
860.204712	7	0.006829	7
860.204712	8	0.007805	7
860.204712	9	0.008780	6
860.204712	10	0.009756	4
860.204712	29	0.028293	1
860.204712	14	0.013659	2
860.204712	21	0.020488	2
860.204712	12	0.011707	3
860.204712	22	0.021463	1
860.204712	13	0.012683	2
860.204712	15	0.014634	2
860.204712	18	0.017561	2
860.204712	36	0.035122	1
860.204712	45	0.043902	1
860.204712	23	0.022439	2
860.204712	11	0.010732	4
860.204712	17	0.016585	2
860.204712	16	0.015610	1
870.205383	1	0.000976	98
870.205383	2	0.001951	42
870.205383	3	0.002927	24
870.205383	4	0.003902	19
870.205383	5	0.004878	12
870.205383	6	0.005854	10
870.205383	7	0.006829	4
870.205383	8	0.007805	9
870.205383	9	0.008780	3
870.205383	10	0.009756	3
870.205383	34	0.033171	1
870.205383	45	0.043902	1
870.205383	14	0.013659	5
870.205383	13	0.012683	2
870.205383	12	0.011707	2
870.205383	20	0.019512	1
870.205383	16	0.015610	2
870.205383	15	0.014634	1
870.205383	30	0.029268	1
870.205383	17	0.016585	2
870.205383	11	0.010732	3
870.205383	31	0.030244	1
870.205383	24	0.023415	1
880.205872	1	0.000976	77
880.205872	2	0.001951	31
880.205872	3	0.002927	21
880.205872	4	0.003902	9
880.205872	5	0.004878	15
880.205872	6	0.005854	14
880.205872	7	0.006829	7
880.205872	8	0.007805	10
880.205872	9	0.008780	8
880.205872	10	0.009756	8
880.205872	26	0.025366	1
880.205872	14	0.013659	2
880.205872	23	0.022439	2
880.205872	17	0.016585	3
880.205872	37	0.036098	1
880.205872	25	0.024390	1
880.205872	18	0.017561	1
880.205872	19	0.018537	3
880.205872	12	0.011707	4
880.205872	11	0.010732	1
890.206848	1	0.000976	71
890.206848	2	0.001951	36
890.206848	3	0.002927	22
890.206848	4	0.003902	17
890.206848	5	0.004878	13
890.206848	6	0.005854	9
890.206848	7	0.006829	7
890.206848	8	0.007805	10
890.206848	9	0.008780	2
890.206848	10	0.009756	3
890.206848	23	0.022439	1
890.206848	19	0.018537	3
890.206848	15	0.014634	5
890.206848	18	0.017561	2
890.206848	20	0.019512	1
890.206848	12	0.011707	1
890.206848	16	0.015610	1
890.206848	21	0.020488	1
890.206848	14	0.013659	1
890.206848	25	0.024390	1
890.206848	41	0.040000	1
890.206848	11	0.010732	3
890.206848	13	0.012683	2
890.206848	36	0.035122	1
890.206848	17	0.016585	1
900.207520	1	0.000976	82
900.207520	2	0.001951	30
900.207520	3	0.002927	19
900.207520	4	0.003902	13
900.207520	5	0.004878	15
900.207520	6	0.005854	12
900.207520	7	0.006829	4
900.207520	8	0.007805	10
900.207520	9	0.008780	2
900.207520	10	0.009756	2
900.207520	50	0.048780	1
900.207520	16	0.015610	1
900.207520	19	0.018537	1
900.207520	13	0.012683	2
900.207520	25	0.024390	1
900.207520	11	0.010732	7
900.207520	58	0.056585	1
900.207520	31	0.030244	1
900.207520	23	0.022439	1
900.207520	12	0.011707	4
900.207520	20	0.019512	1
900.207520	14	0.013659	1
900.207520	26	0.025366	1
900.207520	15	0.014634	2
900.207520	18	0.017561	1
910.208374	1	0.000976	82
910.208374	2	0.001951	38
910.208374	3	0.002927	20
910.208374	4	0.003902	20
910.208374	5	0.004878	11
910.208374	6	0.005854	9
910.208374	7	0.006829	7
910.208374	8	0.007805	5
910.208374	9	0.008780	6
910.208374	10	0.009756	4
910.208374	17	0.016585	2
910.208374	13	0.012683	4
910.208374	12	0.011707	3
910.208374	19	0.018537	1
910.208374	23	0.022439	2
910.208374	24	0.023415	1
910.208374	29	0.028293	1
910.208374	16	0.015610	2
910.208374	36	0.035122	1
910.208374	15	0.014634	1
910.208374	22	0.021463	1
910.208374	11	0.010732	4
910.208374	32	0.031220	1
910.208374	14	0.013659	1
920.208740	1	0.000976	83
920.208740	2	0.001951	44
920.208740	3	0.002927	20
920.208740	4	0.003902	15
920.208740	5	0.004878	14
920.208740	6	0.005854	15
920.208740	7	0.006829	11
920.208740	8	0.007805	4
920.208740	9	0.008780	2
920.208740	10	0.009756	3
920.208740	12	0.011707	2
920.208740	22	0.021463	1
920.208740	14	0.013659	2
920.208740	32	0.031220	1
920.208740	26	0.025366	1
920.208740	11	0.010732	2
920.208740	18	0.017561	1
920.208740	15	0.014634	4
920.208740	25	0.024390	1
920.208740	16	0.015610	3
920.208740	45	0.043902	1
920.208740	13	0.012683	3
920.208740	28	0.027317	1
930.209229	1	0.000976	65
930.209229	2	0.001951	36
930.209229	3	0.002927	17
930.209229	4	0.003902	17
930.209229	5	0.004878	10
930.209229	6	0.005854	10
930.209229	7	0.006829	6
930.209229	8	0.007805	4
930.209229	9	0.008780	7
930.209229	10	0.009756	5
930.209229	82	0.080000	1
930.209229	13	0.012683	3
930.209229	12	0.011707	6
930.209229	39	0.038049	1
930.209229	16	0.015610	2
930.209229	23	0.022439	2
930.209229	18	0.017561	2
930.209229	20	0.019512	1
930.209229	14	0.013659	2
930.209229	15	0.014634	1
930.209229	11	0.010732	4
930.209229	19	0.018537	1
940.209900	1	0.000976	90
940.209900	2	0.001951	35
940.209900	3	0.002927	30
940.209900	4	0.003902	21
940.209900	5	0.004878	8
940.209900	6	0.005854	11
940.209900	7	0.006829	4
940.209900	8	0.007805	5
940.209900	9	0.008780	4
940.209900	10	0.009756	3
940.209900	21	0.020488	1
940.209900	12	0.011707	5
940.209900	11	0.010732	4
940.209900	23	0.022439	3
940.209900	14	0.013659	1
940.209900	15	0.014634	3
940.209900	20	0.019512	1
940.209900	58	0.056585	1
940.209900	29	0.028293	1
940.209900	17	0.016585	2
940.209900	13	0.012683	3
940.209900	18	0.017561	1
950.210999	1	0.000976	78
950.210999	2	0.001951	38
950.210999	3	0.002927	19
950.210999	4	0.003902	18
950.210999	5	0.004878	19
950.210999	6	0.005854	7
950.210999	7	0.006829	9
950.210999	8	0.007805	6
950.210999	9	0.008780	5
950.210999	10	0.009756	5
950.210999	16	0.015610	1
950.210999	28	0.027317	2
950.210999	19	0.018537	1
950.210999	17	0.016585	2
950.210999	27	0.026341	1
950.210999	11	0.010732	1
950.210999	13	0.012683	1
950.210999	15	0.014634	2
950.210999	25	0.024390	1
950.210999	35	0.034146	1
950.210999	18	0.017561	1
950.210999	24	0.023415	1
950.210999	12	0.011707	4
950.210999	21	0.020488	1
950.210999	22	0.021463	1
960.211792	1	0.000976	60
960.211792	2	0.001951	45
960.211792	3	0.002927	20
960.211792	4	0.003902	11
960.211792	5	0.004878	11
960.211792	6	0.005854	11
960.211792	7	0.006829	10
960.211792	8	0.007805	3
960.211792	9	0.008780	10
960.211792	10	0.009756	3
960.211792	11	0.010732	5
960.211792	30	0.029268	1
960.211792	21	0.020488	1
960.211792	13	0.012683	4
960.211792	12	0.011707	4
960.211792	18	0.017561	1
960.211792	14	0.013659	4
960.211792	31	0.030244	1
960.211792	25	0.024390	1
960.211792	26	0.025366	1
960.211792	15	0.014634	2
960.211792	24	0.023415	1
960.211792	20	0.019512	1
970.212585	1	0.000976	81
970.212585	2	0.001951	47
970.212585	3	0.002927	30
970.212585	4	0.003902	15
970.212585	5	0.004878	14
970.212585	6	0.005854	10
970.212585	7	0.006829	5
970.212585	8	0.007805	2
970.212585	9	0.008780	6
970.212585	10	0.009756	6
970.212585	25	0.024390	2
970.212585	11	0.010732	8
970.212585	13	0.012683	5
970.212585	55	0.053659	1
970.212585	14	0.013659	2
970.212585	21	0.020488	1
970.212585	24	0.023415	1
970.212585	29	0.028293	1
970.212585	28	0.027317	1
970.212585	17	0.016585	1
980.213501	1	0.000976	97
980.213501	2	0.001951	40
980.213501	3	0.002927	32
980.213501	4	0.003902	22
980.213501	5	0.004878	10
980.213501	6	0.005854	14
980.213501	7	0.006829	9
980.213501	8	0.007805	10
980.213501	9	0.008780	4
980.213501	10	0.009756	6
980.213501	12	0.011707	2
980.213501	43	0.041951	1
980.213501	11	0.010732	1
980.213501	13	0.012683	2
980.213501	28	0.027317	1
980.213501	14	0.013659	4
980.213501	16	0.015610	1
980.213501	33	0.032195	1
980.213501	36	0.035122	1
980.213501	18	0.017561	1
990.214478	1	0.000976	76
990.214478	2	0.001951	40
990.214478	3	0.002927	19
990.214478	4	0.003902	23
990.214478	5	0.004878	11
990.214478	6	0.005854	9
990.214478	7	0.006829	9
990.214478	8	0.007805	3
990.214478	9	0.008780	3
990.214478	10	0.009756	4
990.214478	12	0.011707	4
990.214478	11	0.010732	4
990.214478	15	0.014634	1
990.214478	19	0.018537	2
990.214478	23	0.022439	2
990.214478	14	0.013659	4
990.214478	24	0.023415	2
990.214478	17	0.016585	4
990.214478	20	0.019512	3
990.214478	18	0.017561	1
990.214478	16	0.015610	1
1000.000000	1	0.000977	76
1000.000000	2	0.001953	40
1000.000000	3	0.002930	25
1000.000000	4	0.003906	12
1000.000000	5	0.004883	12
1000.000000	6	0.005859	7
1000.000000	7	0.006836	4
1000.000000	8	0.007812	3
1000.000000	9	0.008789	6
1000.000000	10	0.009766	3
1000.000000	36	0.035156	1
1000.000000	46	0.044922	1
1000.000000	28	0.027344	1
1000.000000	15	0.014648	2
1000.000000	11	0.010742	7
1000.000000	16	0.015625	3
1000.000000	12	0.011719	4
1000.000000	13	0.012695	3
1000.000000	23	0.022461	1
1000.000000	20	0.019531	1
1000.000000	29	0.028320	1
1000.000000	38	0.037109	1
1000.000000	17	0.016602	1
1000.000000	14	0.013672	2
