Generation	NumCells	DriverDiversity	DriverEdgeDiversity	DriverAlphaDiversity	DriverDiversityFrom1RandomSamples	DriverDiversityFrom1BigRandomSamples	DriverDiversityFrom2RandomSamples	DriverDiversityFrom2BigRandomSamples	DriverDiversityFrom4RandomSamples	DriverDiversityFrom4BigRandomSamples
0.000000	1	1.000000	1.000000	1.000000	1.000000	1.000000	1.000000	1.000000	1.000000	1.000000
10.127996	522	1.000000	1.000000	1.000000	1.000000	1.000000	1.000000	1.000000	1.000000	1.000000
20.139696	1025	1.089524	1.089524	1.089524	1.127142	1.116009	1.083189	1.066043	1.078984	1.110883
30.141148	1024	1.000000	1.000000	1.000000	1.000000	1.000000	1.000000	1.000000	1.000000	1.000000
40.141930	1025	1.000000	1.000000	1.000000	1.000000	1.000000	1.000000	1.000000	1.000000	1.000000
50.142521	1025	1.001953	1.001953	1.001953	1.020200	1.000000	1.000000	1.002002	1.000000	1.005871
60.143284	1025	1.000000	1.000000	1.000000	1.000000	1.000000	1.000000	1.000000	1.000000	1.000000
70.144218	1025	1.000000	1.000000	1.000000	1.000000	1.000000	1.000000	1.000000	1.000000	1.000000
80.145157	1025	1.000000	1.000000	1.000000	1.000000	1.000000	1.000000	1.000000	1.000000	1.000000
90.145630	1025	1.000000	1.000000	1.000000	1.000000	1.000000	1.000000	1.000000	1.000000	1.000000
100.147385	1025	1.001953	1.001953	1.001953	1.000000	1.000000	1.005013	1.002002	1.001953	1.001953
110.148087	1025	1.000000	1.000000	1.000000	1.000000	1.000000	1.000000	1.000000	1.000000	1.000000
120.148918	1025	1.000000	1.000000	1.000000	1.000000	1.000000	1.000000	1.000000	1.000000	1.000000
130.149857	1025	1.000000	1.000000	1.000000	1.000000	1.000000	1.000000	1.000000	1.000000	1.000000
140.150726	1025	1.000000	1.000000	1.000000	1.000000	1.000000	1.000000	1.000000	1.000000	1.000000
150.151672	1025	1.000000	1.000000	1.000000	1.000000	1.000000	1.000000	1.000000	1.000000	1.000000
160.152390	1025	1.000000	1.000000	1.000000	1.000000	1.000000	1.000000	1.000000	1.000000	1.000000
170.152771	1025	1.000000	1.000000	1.000000	1.000000	1.000000	1.000000	1.000000	1.000000	1.000000
180.153458	1025	1.003912	1.003912	1.003912	1.000000	1.000000	1.000000	1.008038	1.003910	1.007843
190.153992	1025	1.000000	1.000000	1.000000	1.000000	1.000000	1.000000	1.000000	1.000000	1.000000
200.154831	1025	1.000000	1.000000	1.000000	1.000000	1.000000	1.000000	1.000000	1.000000	1.000000
210.155579	1025	1.000000	1.000000	1.000000	1.000000	1.000000	1.000000	1.000000	1.000000	1.000000
220.156525	1025	1.000000	1.000000	1.000000	1.000000	1.000000	1.000000	1.000000	1.000000	1.000000
230.157806	1025	1.000000	1.000000	1.000000	1.000000	1.000000	1.000000	1.000000	1.000000	1.000000
240.158661	1025	1.000000	1.000000	1.000000	1.000000	1.000000	1.000000	1.000000	1.000000	1.000000
250.159760	1025	1.001953	1.001953	1.001953	1.000000	1.000000	1.005013	1.006018	1.000000	1.003910
260.160553	1025	1.000000	1.000000	1.000000	1.000000	1.000000	1.000000	1.000000	1.000000	1.000000
270.161530	1025	1.000000	1.000000	1.000000	1.000000	1.000000	1.000000	1.000000	1.000000	1.000000
280.162689	1025	1.000000	1.000000	1.000000	1.000000	1.000000	1.000000	1.000000	1.000000	1.000000
290.163635	1025	1.000000	1.000000	1.000000	1.000000	1.000000	1.000000	1.000000	1.000000	1.000000
300.164520	1024	1.000000	1.000000	1.000000	1.000000	1.000000	1.000000	1.000000	1.000000	1.000000
310.165100	1025	1.011786	1.011786	1.011786	1.000000	1.010050	1.020239	1.006018	1.009804	1.003912
320.165649	1025	1.000000	1.000000	1.000000	1.000000	1.000000	1.000000	1.000000	1.000000	1.000000
330.166901	1025	1.000000	1.000000	1.000000	1.000000	1.000000	1.000000	1.000000	1.000000	1.000000
340.167480	1025	1.000000	1.000000	1.000000	1.000000	1.000000	1.000000	1.000000	1.000000	1.000000
350.168274	1025	1.000000	1.000000	1.000000	1.000000	1.000000	1.000000	1.000000	1.000000	1.000000
360.169250	1025	1.000000	1.000000	1.000000	1.000000	1.000000	1.000000	1.000000	1.000000	1.000000
370.169708	1024	1.000000	1.000000	1.000000	1.000000	1.000000	1.000000	1.000000	1.000000	1.000000
380.170074	1025	1.000000	1.000000	1.000000	1.000000	1.000000	1.000000	1.000000	1.000000	1.000000
390.171082	1025	1.000000	1.000000	1.000000	1.000000	1.000000	1.000000	1.000000	1.000000	1.000000
400.171753	1025	1.000000	1.000000	1.000000	1.000000	1.000000	1.000000	1.000000	1.000000	1.000000
410.172516	1025	1.000000	1.000000	1.000000	1.000000	1.000000	1.000000	1.000000	1.000000	1.000000
420.173126	1025	1.000000	1.000000	1.000000	1.000000	1.000000	1.000000	1.000000	1.000000	1.000000
430.173401	1024	1.000000	1.000000	1.000000	1.000000	1.000000	1.000000	1.000000	1.000000	1.000000
440.174347	1025	1.001953	1.001953	1.001953	1.000000	1.000000	1.000000	1.000000	1.000000	1.000000
450.174835	1025	1.001953	1.001953	1.001953	1.000000	1.000000	1.000000	1.000000	1.005871	1.000000
460.175659	1025	1.000000	1.000000	1.000000	1.000000	1.000000	1.000000	1.000000	1.000000	1.000000
470.176636	1025	1.001953	1.001953	1.001953	1.000000	1.000000	1.000000	1.002002	1.005871	1.001953
480.177307	1025	1.000000	1.000000	1.000000	1.000000	1.000000	1.000000	1.000000	1.000000	1.000000
490.178162	1025	1.000000	1.000000	1.000000	1.000000	1.000000	1.000000	1.000000	1.000000	1.000000
500.179108	1027	1.021671	1.021671	1.021671	1.061797	1.020200	1.005013	1.016128	1.011753	1.031674
510.180298	1025	1.000000	1.000000	1.000000	1.000000	1.000000	1.000000	1.000000	1.000000	1.000000
520.181213	1025	1.000000	1.000000	1.000000	1.000000	1.000000	1.000000	1.000000	1.000000	1.000000
530.182007	1025	1.000000	1.000000	1.000000	1.000000	1.000000	1.000000	1.000000	1.000000	1.000000
540.182495	1025	1.001953	1.001953	1.001953	1.000000	1.000000	1.000000	1.002002	1.001953	1.003910
550.183167	1025	1.001953	1.001953	1.001953	1.020200	1.000000	1.000000	1.002002	1.000000	1.001953
560.183594	1025	1.000000	1.000000	1.000000	1.000000	1.000000	1.000000	1.000000	1.000000	1.000000
570.183838	1024	1.000000	1.000000	1.000000	1.000000	1.000000	1.000000	1.000000	1.000000	1.000000
580.184509	1025	1.000000	1.000000	1.000000	1.000000	1.000000	1.000000	1.000000	1.000000	1.000000
590.185059	1025	1.000000	1.000000	1.000000	1.000000	1.000000	1.000000	1.000000	1.000000	1.000000
600.185547	1025	1.000000	1.000000	1.000000	1.000000	1.000000	1.000000	1.000000	1.000000	1.000000
610.186829	1025	1.001953	1.001953	1.001953	1.020200	1.000000	1.000000	1.004008	1.003910	1.000000
620.187622	1025	1.000000	1.000000	1.000000	1.000000	1.000000	1.000000	1.000000	1.000000	1.000000
630.188110	1025	1.000000	1.000000	1.000000	1.000000	1.000000	1.000000	1.000000	1.000000	1.000000
640.188721	1025	1.000000	1.000000	1.000000	1.000000	1.000000	1.000000	1.000000	1.000000	1.000000
650.189270	1025	1.000000	1.000000	1.000000	1.000000	1.000000	1.000000	1.000000	1.000000	1.000000
660.190308	1025	1.000000	1.000000	1.000000	1.000000	1.000000	1.000000	1.000000	1.000000	1.000000
670.191284	1025	1.000000	1.000000	1.000000	1.000000	1.000000	1.000000	1.000000	1.000000	1.000000
680.191772	1024	1.000000	1.000000	1.000000	1.000000	1.000000	1.000000	1.000000	1.000000	1.000000
690.192749	1025	1.000000	1.000000	1.000000	1.000000	1.000000	1.000000	1.000000	1.000000	1.000000
700.193420	1025	1.000000	1.000000	1.000000	1.000000	1.000000	1.000000	1.000000	1.000000	1.000000
710.194031	1024	1.001955	1.001955	1.001955	1.000000	1.000000	1.000000	1.002002	1.009813	1.000000
720.195251	1025	1.001953	1.001953	1.001953	1.000000	1.000000	1.005013	1.004008	1.001953	1.000000
730.195923	1025	1.000000	1.000000	1.000000	1.000000	1.000000	1.000000	1.000000	1.000000	1.000000
740.196533	1025	1.000000	1.000000	1.000000	1.000000	1.000000	1.000000	1.000000	1.000000	1.000000
750.197144	1024	1.000000	1.000000	1.000000	1.000000	1.000000	1.000000	1.000000	1.000000	1.000000
760.197510	1025	1.000000	1.000000	1.000000	1.000000	1.000000	1.000000	1.000000	1.000000	1.000000
770.197876	1024	1.000000	1.000000	1.000000	1.000000	1.000000	1.000000	1.000000	1.000000	1.000000
780.198486	1025	1.000000	1.000000	1.000000	1.000000	1.000000	1.000000	1.000000	1.000000	1.000000
790.199158	1025	1.001953	1.001953	1.001953	1.000000	1.000000	1.000000	1.002002	1.001953	1.000000
800.200256	1025	1.001953	1.001953	1.001953	1.000000	1.010050	1.005013	1.002002	1.000000	1.000000
810.200989	1025	1.000000	1.000000	1.000000	1.000000	1.000000	1.000000	1.000000	1.000000	1.000000
820.201843	1025	1.000000	1.000000	1.000000	1.000000	1.000000	1.000000	1.000000	1.000000	1.000000
830.202881	1025	1.000000	1.000000	1.000000	1.000000	1.000000	1.000000	1.000000	1.000000	1.000000
840.203308	1025	1.000000	1.000000	1.000000	1.000000	1.000000	1.000000	1.000000	1.000000	1.000000
850.203979	1025	1.001953	1.001953	1.001953	1.000000	1.000000	1.000000	1.002002	1.000000	1.003910
860.204712	1025	1.000000	1.000000	1.000000	1.000000	1.000000	1.000000	1.000000	1.000000	1.000000
870.205383	1025	1.001953	1.001953	1.001953	1.000000	1.000000	1.000000	1.000000	1.003910	1.001953
880.205872	1025	1.001953	1.001953	1.001953	1.000000	1.000000	1.005013	1.002002	1.000000	1.001953
890.206848	1025	1.000000	1.000000	1.000000	1.000000	1.000000	1.000000	1.000000	1.000000	1.000000
900.207520	1025	1.000000	1.000000	1.000000	1.000000	1.000000	1.000000	1.000000	1.000000	1.000000
910.208374	1025	1.000000	1.000000	1.000000	1.000000	1.000000	1.000000	1.000000	1.000000	1.000000
920.208740	1025	1.000000	1.000000	1.000000	1.000000	1.000000	1.000000	1.000000	1.000000	1.000000
930.209229	1025	1.000000	1.000000	1.000000	1.000000	1.000000	1.000000	1.000000	1.000000	1.000000
940.209900	1025	1.000000	1.000000	1.000000	1.000000	1.000000	1.000000	1.000000	1.000000	1.000000
950.210999	1025	1.000000	1.000000	1.000000	1.000000	1.000000	1.000000	1.000000	1.000000	1.000000
960.211792	1025	1.000000	1.000000	1.000000	1.000000	1.000000	1.000000	1.000000	1.000000	1.000000
970.212585	1025	1.000000	1.000000	1.000000	1.000000	1.000000	1.000000	1.000000	1.000000	1.000000
980.213501	1025	1.000000	1.000000	1.000000	1.000000	1.000000	1.000000	1.000000	1.000000	1.000000
990.214478	1025	1.000000	1.000000	1.000000	1.000000	1.000000	1.000000	1.000000	1.000000	1.000000
1000.000000	1024	1.000000	1.000000	1.000000	1.000000	1.000000	1.000000	1.000000	1.000000	1.000000
