Population	Parent	Identity	DriverIdentity	DriverMutations	MigrationMutations	Immortal	PassengerMutations	BirthRate	MigrationRate	OriginTime	Descendants
0	0	0	0	0	0	1	0	1.000000	0.000000	0.000000	1024
0	0	2	0	0	0	1	1	1.000000	0.000000	5.437446	1024
0	2	768	1	1	0	1	1	9.170753	0.000000	19.767834	1024
0	768	783	1	1	0	1	2	9.170753	0.000000	19.936192	1024
0	783	1193	3	2	0	1	2	11.297130	0.000000	20.990223	1024
0	1193	1564	3	2	0	1	3	11.297130	0.000000	21.483765	1024
0	1564	2635	3	2	0	1	4	11.297130	0.000000	22.951420	1024
0	6812	6912	3	2	0	1	7	11.297130	0.000000	27.888840	1024
0	2635	6812	3	2	0	1	6	11.297130	0.000000	27.762833	1024
0	6912	8894	3	2	0	1	8	11.297130	0.000000	30.084728	1024
0	8894	9852	3	2	0	1	9	11.297130	0.000000	31.104639	1024
0	9852	9889	3	2	0	1	10	11.297130	0.000000	31.144165	1024
0	9889	10473	3	2	0	1	11	11.297130	0.000000	31.756212	1024
0	10473	11218	3	2	0	1	12	11.297130	0.000000	32.579449	1024
0	13766	13997	3	2	0	1	14	11.297130	0.000000	35.544907	1024
0	11218	13766	3	2	0	1	13	11.297130	0.000000	35.281395	1024
0	13997	15585	3	2	0	1	15	11.297130	0.000000	37.271202	1024
0	15585	17496	3	2	0	1	16	11.297130	0.000000	39.374439	1024
0	17496	17797	3	2	0	1	17	11.297130	0.000000	39.677040	1024
0	18516	18913	3	2	0	1	19	11.297130	0.000000	40.896027	1024
0	17797	18516	3	2	0	1	18	11.297130	0.000000	40.480579	1024
0	18913	19710	3	2	0	1	20	11.297130	0.000000	41.760639	1024
0	19710	19877	3	2	0	1	21	11.297130	0.000000	41.928650	1024
0	19877	21988	3	2	0	1	22	11.297130	0.000000	44.234135	1024
0	21988	24493	3	2	0	1	23	11.297130	0.000000	46.966572	1024
0	24493	24787	3	2	0	1	24	11.297130	0.000000	47.306862	1024
0	24787	25949	3	2	0	1	25	11.297130	0.000000	48.629608	1024
0	25949	29142	3	2	0	1	26	11.297130	0.000000	52.127110	1024
0	29142	29665	3	2	0	1	27	11.297130	0.000000	52.664822	1024
0	29665	30511	3	2	0	1	28	11.297130	0.000000	53.571075	1024
0	30511	31640	3	2	0	1	29	11.297130	0.000000	54.823551	1024
0	31640	31836	3	2	0	1	30	11.297130	0.000000	55.032318	1024
0	31836	32605	3	2	0	1	31	11.297130	0.000000	55.889961	1024
0	32605	33084	3	2	0	1	32	11.297130	0.000000	56.430473	1024
0	33084	33624	3	2	0	1	33	11.297130	0.000000	56.983162	1024
0	33624	34988	3	2	0	1	35	11.297130	0.000000	58.470993	1024
0	34988	35076	3	2	0	1	36	11.297130	0.000000	58.570297	1024
0	35076	37848	3	2	0	1	37	11.297130	0.000000	61.577251	1024
0	37848	38466	3	2	0	1	38	11.297130	0.000000	62.285122	1024
0	38466	38770	3	2	0	1	40	11.297130	0.000000	62.606915	1024
0	38770	40105	3	2	0	1	41	11.297130	0.000000	64.055534	1024
0	41123	41125	3	2	0	1	43	11.297130	0.000000	65.132950	1024
0	40105	41123	3	2	0	1	42	11.297130	0.000000	65.132858	1024
0	41125	43070	3	2	0	1	44	11.297130	0.000000	67.286293	1024
0	43070	45993	3	2	0	1	45	11.297130	0.000000	70.373680	1024
0	45993	46211	3	2	0	1	46	11.297130	0.000000	70.588600	1024
0	46211	48540	3	2	0	1	47	11.297130	0.000000	73.176102	1024
0	48540	49502	3	2	0	1	48	11.297130	0.000000	74.235962	1024
0	49502	50748	3	2	0	1	49	11.297130	0.000000	75.541847	1024
0	51002	51207	3	2	0	1	51	11.297130	0.000000	76.100266	1024
0	50748	51002	3	2	0	1	50	11.297130	0.000000	75.832588	1024
0	52721	53081	3	2	0	1	53	11.297130	0.000000	78.121468	1024
0	51207	52721	3	2	0	1	52	11.297130	0.000000	77.735786	1024
0	53081	54306	3	2	0	1	54	11.297130	0.000000	79.392906	1024
0	54306	55285	3	2	0	1	55	11.297130	0.000000	80.430161	1024
0	55285	55732	3	2	0	1	56	11.297130	0.000000	80.940880	1024
0	55732	56734	3	2	0	1	57	11.297130	0.000000	82.091019	1024
0	56734	57913	3	2	0	1	58	11.297130	0.000000	83.357338	1024
0	57913	58152	3	2	0	1	59	11.297130	0.000000	83.601372	1024
0	58152	59160	3	2	0	1	60	11.297130	0.000000	84.702179	1024
0	59160	60708	3	2	0	1	61	11.297130	0.000000	86.349983	1024
0	60708	61883	3	2	0	1	62	11.297130	0.000000	87.623940	1024
0	61883	62390	3	2	0	1	63	11.297130	0.000000	88.170647	1024
0	62390	62461	3	2	0	1	64	11.297130	0.000000	88.226341	1024
0	62461	62905	3	2	0	1	65	11.297130	0.000000	88.687393	1024
0	62905	63438	3	2	0	1	66	11.297130	0.000000	89.274910	1024
0	63438	64870	3	2	0	1	67	11.297130	0.000000	90.887512	1024
0	64870	65571	3	2	0	1	68	11.297130	0.000000	91.633972	1024
0	65571	66140	3	2	0	1	69	11.297130	0.000000	92.263428	1024
0	66140	66204	3	2	0	1	70	11.297130	0.000000	92.342110	1024
0	68240	68265	3	2	0	1	73	11.297130	0.000000	94.594078	1024
0	66204	67844	3	2	0	1	71	11.297130	0.000000	94.107788	1024
0	67844	68240	3	2	0	1	72	11.297130	0.000000	94.572914	1024
0	68265	68746	3	2	0	1	74	11.297130	0.000000	95.152710	1024
0	68746	69287	3	2	0	1	75	11.297130	0.000000	95.742241	1024
0	69287	71793	3	2	0	1	76	11.297130	0.000000	98.505524	1024
0	71793	72798	3	2	0	1	77	11.297130	0.000000	99.618614	1024
0	72798	72812	3	2	0	1	78	11.297130	0.000000	99.631981	1024
0	72812	73570	3	2	0	1	79	11.297130	0.000000	100.446465	1024
0	73570	74113	3	2	0	1	80	11.297130	0.000000	101.021942	1024
0	75851	75932	3	2	0	1	83	11.297130	0.000000	103.022141	1024
0	74113	75682	3	2	0	1	81	11.297130	0.000000	102.747871	1024
0	75682	75851	3	2	0	1	82	11.297130	0.000000	102.918770	1024
0	76618	76716	3	2	0	1	85	11.297130	0.000000	103.903694	1024
0	75932	76618	3	2	0	1	84	11.297130	0.000000	103.801537	1024
0	76716	78046	3	2	0	1	86	11.297130	0.000000	105.277412	1024
0	78046	78390	3	2	0	1	87	11.297130	0.000000	105.611618	1024
0	78390	78807	3	2	0	1	88	11.297130	0.000000	106.067368	1024
0	79556	80453	3	2	0	1	90	11.297130	0.000000	107.870972	1024
0	78807	79556	3	2	0	1	89	11.297130	0.000000	106.896660	1024
0	80453	82924	3	2	0	1	91	11.297130	0.000000	110.552933	1024
0	82924	83378	3	2	0	1	92	11.297130	0.000000	111.039536	1024
0	83378	85942	3	2	0	1	93	11.297130	0.000000	113.808632	1024
0	85942	86058	3	2	0	1	94	11.297130	0.000000	113.945518	1024
0	86058	90195	3	2	0	1	95	11.297130	0.000000	118.443001	1024
0	90195	91613	3	2	0	1	96	11.297130	0.000000	119.904465	1024
0	91613	93223	3	2	0	1	97	11.297130	0.000000	121.615578	1024
0	93223	95190	3	2	0	1	98	11.297130	0.000000	123.811836	1024
0	95190	95687	3	2	0	1	99	11.297130	0.000000	124.330978	1024
0	95687	95766	3	2	0	1	100	11.297130	0.000000	124.417137	1024
0	95766	97367	3	2	0	1	101	11.297130	0.000000	126.121445	1024
0	97367	100603	3	2	0	1	102	11.297130	0.000000	129.753723	1024
0	102178	102541	3	2	0	1	104	11.297130	0.000000	131.828430	1024
0	100603	102178	3	2	0	1	103	11.297130	0.000000	131.454437	1024
0	102541	102564	3	2	0	1	105	11.297130	0.000000	131.861115	1024
0	102564	104880	3	2	0	1	106	11.297130	0.000000	134.397202	1024
0	107144	107547	3	2	0	1	108	11.297130	0.000000	137.356018	1024
0	104880	107144	3	2	0	1	107	11.297130	0.000000	136.931961	1024
0	107547	108393	3	2	0	1	109	11.297130	0.000000	138.250259	1024
0	108393	110397	3	2	0	1	110	11.297130	0.000000	140.405197	1024
0	110397	110720	3	2	0	1	111	11.297130	0.000000	140.738251	1024
0	110720	112825	3	2	0	1	112	11.297130	0.000000	143.070251	1024
0	112825	115651	3	2	0	1	113	11.297130	0.000000	146.086029	1024
0	115651	116665	3	2	0	1	114	11.297130	0.000000	147.151749	1024
0	120060	120814	3	2	0	1	117	11.297130	0.000000	151.747238	1024
0	116665	119263	3	2	0	1	115	11.297130	0.000000	149.992294	1024
0	119263	120060	3	2	0	1	116	11.297130	0.000000	150.896851	1024
0	120814	121047	3	2	0	1	118	11.297130	0.000000	152.023697	1024
0	121047	121499	3	2	0	1	119	11.297130	0.000000	152.549301	1024
0	121499	123693	3	2	0	1	120	11.297130	0.000000	154.935150	1024
0	124561	124657	3	2	0	1	122	11.297130	0.000000	156.008911	1024
0	124657	125523	3	2	0	1	123	11.297130	0.000000	156.987198	1024
0	123693	124561	3	2	0	1	121	11.297130	0.000000	155.884323	1024
0	125523	125561	3	2	0	1	124	11.297130	0.000000	157.030685	1024
0	125561	126748	3	2	0	1	125	11.297130	0.000000	158.330795	1024
0	126748	128573	3	2	0	1	126	11.297130	0.000000	160.395294	1024
0	128573	128977	3	2	0	1	127	11.297130	0.000000	160.809280	1024
0	128977	129309	3	2	0	1	128	11.297130	0.000000	161.203735	1024
0	129309	131248	3	2	0	1	129	11.297130	0.000000	163.326767	1024
0	131248	131642	3	2	0	1	130	11.297130	0.000000	163.745621	1024
0	131642	132068	3	2	0	1	131	11.297130	0.000000	164.198624	1024
0	132068	133754	3	2	0	1	132	11.297130	0.000000	166.018295	1024
0	133754	136331	3	2	0	1	133	11.297130	0.000000	168.803665	1024
0	136331	137443	3	2	0	1	134	11.297130	0.000000	169.996841	1024
0	137443	138396	3	2	0	1	135	11.297130	0.000000	171.020996	1024
0	138396	139724	3	2	0	1	136	11.297130	0.000000	172.457321	1024
0	141571	141665	3	2	0	1	138	11.297130	0.000000	174.592209	1024
0	139724	141571	3	2	0	1	137	11.297130	0.000000	174.477158	1024
0	141665	142277	3	2	0	1	139	11.297130	0.000000	175.290939	1024
0	142277	145965	3	2	0	1	140	11.297130	0.000000	179.313263	1024
0	145965	146102	3	2	0	1	141	11.297130	0.000000	179.478592	1024
0	146102	147832	3	2	0	1	142	11.297130	0.000000	181.377869	1024
0	147832	148201	3	2	0	1	143	11.297130	0.000000	181.785660	1024
0	148201	148356	3	2	0	1	144	11.297130	0.000000	181.948410	1024
0	148356	149765	3	2	0	1	145	11.297130	0.000000	183.479828	1024
0	149765	150004	3	2	0	1	146	11.297130	0.000000	183.727325	1024
0	150004	151707	3	2	0	1	147	11.297130	0.000000	185.625061	1024
0	153933	154320	3	2	0	1	149	11.297130	0.000000	188.411575	1024
0	151707	153933	3	2	0	1	148	11.297130	0.000000	188.023392	1024
0	154320	154343	3	2	0	1	150	11.297130	0.000000	188.441376	1024
0	154343	155964	3	2	0	1	151	11.297130	0.000000	190.175400	1024
0	156379	156733	3	2	0	1	153	11.297130	0.000000	191.037292	1024
0	155964	156379	3	2	0	1	152	11.297130	0.000000	190.625519	1024
0	158537	158919	3	2	0	1	155	11.297130	0.000000	193.423172	1024
0	156733	158537	3	2	0	1	154	11.297130	0.000000	193.017365	1024
0	158919	159814	3	2	0	1	156	11.297130	0.000000	194.383926	1024
0	159814	161140	3	2	0	1	157	11.297130	0.000000	195.833710	1024
0	163335	164048	3	2	0	1	159	11.297130	0.000000	198.853958	1024
0	161140	163335	3	2	0	1	158	11.297130	0.000000	198.127365	1024
0	164048	164461	3	2	0	1	160	11.297130	0.000000	199.310059	1024
0	164461	165401	3	2	0	1	161	11.297130	0.000000	200.312134	1024
0	165401	168818	3	2	0	1	162	11.297130	0.000000	203.980881	1024
0	168818	170407	3	2	0	1	163	11.297130	0.000000	205.745087	1024
0	170407	172904	3	2	0	1	164	11.297130	0.000000	208.507416	1024
0	172904	173056	3	2	0	1	165	11.297130	0.000000	208.675598	1024
0	173056	174624	3	2	0	1	166	11.297130	0.000000	210.392181	1024
0	174624	178616	3	2	0	1	167	11.297130	0.000000	214.806030	1024
0	179270	179718	3	2	0	1	169	11.297130	0.000000	216.034851	1024
0	178616	179270	3	2	0	1	168	11.297130	0.000000	215.548386	1024
0	179718	180843	3	2	0	1	170	11.297130	0.000000	217.246613	1024
0	180843	183070	3	2	0	1	171	11.297130	0.000000	219.630890	1024
0	183070	183765	3	2	0	1	172	11.297130	0.000000	220.397171	1024
0	183765	184050	3	2	0	1	173	11.297130	0.000000	220.705261	1024
0	184050	185527	3	2	0	1	174	11.297130	0.000000	222.302551	1024
0	185527	188051	3	2	0	1	175	11.297130	0.000000	225.151123	1024
0	188051	190738	3	2	0	1	176	11.297130	0.000000	228.050125	1024
0	190738	190782	3	2	0	1	177	11.297130	0.000000	228.090256	1024
0	193490	193582	3	2	0	1	179	11.297130	0.000000	231.275543	1024
0	190782	193490	3	2	0	1	178	11.297130	0.000000	231.178589	1024
0	193582	195683	3	2	0	1	180	11.297130	0.000000	233.567642	1024
0	197427	198054	3	2	0	1	182	11.297130	0.000000	236.157547	1024
0	195683	197427	3	2	0	1	181	11.297130	0.000000	235.501114	1024
0	198054	198190	3	2	0	1	183	11.297130	0.000000	236.308960	1024
0	198190	200136	3	2	0	1	184	11.297130	0.000000	238.355499	1024
0	200136	200969	3	2	0	1	185	11.297130	0.000000	239.274536	1024
0	200969	201580	3	2	0	1	186	11.297130	0.000000	239.936142	1024
0	201580	203903	3	2	0	1	187	11.297130	0.000000	242.452194	1024
0	203903	207963	3	2	0	1	188	11.297130	0.000000	246.901810	1024
0	210558	210705	3	2	0	1	190	11.297130	0.000000	249.961472	1024
0	207963	210558	3	2	0	1	189	11.297130	0.000000	249.813477	1024
0	210705	211070	3	2	0	1	191	11.297130	0.000000	250.360321	1024
0	212733	212791	3	2	0	1	195	11.297130	0.000000	252.290955	1024
0	211070	212056	3	2	0	1	192	11.297130	0.000000	251.475998	1024
0	212056	212146	3	2	0	1	193	11.297130	0.000000	251.591934	1024
0	212146	212733	3	2	0	1	194	11.297130	0.000000	252.226608	1024
0	213255	213553	3	2	0	1	197	11.297130	0.000000	253.091171	1024
0	212791	213255	3	2	0	1	196	11.297130	0.000000	252.776779	1024
0	213553	215185	3	2	0	1	198	11.297130	0.000000	254.883286	1024
0	217300	217341	3	2	0	1	201	11.297130	0.000000	257.252289	1024
0	215185	217164	3	2	0	1	199	11.297130	0.000000	257.054932	1024
0	217164	217300	3	2	0	1	200	11.297130	0.000000	257.203186	1024
0	217341	218428	3	2	0	1	202	11.297130	0.000000	258.444122	1024
0	218428	218915	3	2	0	1	203	11.297130	0.000000	258.980255	1024
0	218915	219979	3	2	0	1	204	11.297130	0.000000	260.215118	1024
0	219979	220189	3	2	0	1	205	11.297130	0.000000	260.421143	1024
0	220189	221065	3	2	0	1	206	11.297130	0.000000	261.359650	1024
0	221065	221394	3	2	0	1	207	11.297130	0.000000	261.706024	1024
0	221394	223416	3	2	0	1	208	11.297130	0.000000	263.985535	1024
0	223416	223517	3	2	0	1	209	11.297130	0.000000	264.094940	1024
0	223517	223936	3	2	0	1	210	11.297130	0.000000	264.523285	1024
0	223936	225949	3	2	0	1	211	11.297130	0.000000	266.739105	1024
0	225949	229334	3	2	0	1	212	11.297130	0.000000	270.462341	1024
0	229334	233296	3	2	0	1	213	11.297130	0.000000	274.822571	1024
0	233296	234256	3	2	0	1	214	11.297130	0.000000	275.898407	1024
0	234256	235213	3	2	0	1	215	11.297130	0.000000	276.967987	1024
0	235213	235516	3	2	0	1	216	11.297130	0.000000	277.280243	1024
0	235516	236814	3	2	0	1	217	11.297130	0.000000	278.641235	1024
0	236814	237046	3	2	0	1	218	11.297130	0.000000	278.911926	1024
0	237046	237746	3	2	0	1	219	11.297130	0.000000	279.670227	1024
0	237746	239973	3	2	0	1	220	11.297130	0.000000	282.104645	1024
0	239973	240714	3	2	0	1	221	11.297130	0.000000	282.867188	1024
0	240714	242070	3	2	0	1	222	11.297130	0.000000	284.397095	1024
0	242070	243696	3	2	0	1	223	11.297130	0.000000	286.171478	1024
0	245801	245829	3	2	0	1	225	11.297130	0.000000	288.470367	1024
0	243696	245801	3	2	0	1	224	11.297130	0.000000	288.436951	1024
0	245829	247433	3	2	0	1	226	11.297130	0.000000	290.248505	1024
0	247433	248097	3	2	0	1	227	11.297130	0.000000	291.018097	1024
0	248097	248226	3	2	0	1	228	11.297130	0.000000	291.169739	1024
0	248226	248236	3	2	0	1	229	11.297130	0.000000	291.181427	1024
0	248236	248898	3	2	0	1	230	11.297130	0.000000	291.856323	1024
0	250904	251664	3	2	0	1	232	11.297130	0.000000	294.912598	1024
0	248898	250904	3	2	0	1	231	11.297130	0.000000	294.061005	1024
0	251664	252221	3	2	0	1	233	11.297130	0.000000	295.524384	1024
0	252221	253345	3	2	0	1	234	11.297130	0.000000	296.747711	1024
0	256068	256103	3	2	0	1	237	11.297130	0.000000	299.796021	1024
0	253345	255811	3	2	0	1	235	11.297130	0.000000	299.460632	1024
0	256103	256360	3	2	0	1	238	11.297130	0.000000	300.080322	1024
0	255811	256068	3	2	0	1	236	11.297130	0.000000	299.744049	1024
0	258757	258916	3	2	0	1	241	11.297130	0.000000	302.904724	1024
0	256360	258215	3	2	0	1	239	11.297130	0.000000	302.135529	1024
0	258215	258757	3	2	0	1	240	11.297130	0.000000	302.734131	1024
0	258916	260047	3	2	0	1	242	11.297130	0.000000	304.157257	1024
0	260047	260410	3	2	0	1	243	11.297130	0.000000	304.584656	1024
0	262118	262348	3	2	0	1	245	11.297130	0.000000	306.712128	1024
0	260410	262118	3	2	0	1	244	11.297130	0.000000	306.473663	1024
0	262348	262457	3	2	0	1	246	11.297130	0.000000	306.835052	1024
0	262457	262629	3	2	0	1	247	11.297130	0.000000	307.008179	1024
0	262629	262952	3	2	0	1	248	11.297130	0.000000	307.398621	1024
0	262952	263972	3	2	0	1	249	11.297130	0.000000	308.479858	1024
0	263972	267911	3	2	0	1	250	11.297130	0.000000	312.618073	1024
0	267911	268070	3	2	0	1	251	11.297130	0.000000	312.799774	1024
0	268070	268126	3	2	0	1	252	11.297130	0.000000	312.858917	1024
0	268126	268314	3	2	0	1	253	11.297130	0.000000	313.041168	1024
0	268314	269057	3	2	0	1	254	11.297130	0.000000	313.827942	1024
0	269057	270289	3	2	0	1	255	11.297130	0.000000	315.197144	1024
0	270289	270820	3	2	0	1	256	11.297130	0.000000	315.764404	1024
0	270820	271277	3	2	0	1	257	11.297130	0.000000	316.277771	1024
0	271277	271927	3	2	0	1	258	11.297130	0.000000	316.992554	1024
0	271927	272665	3	2	0	1	260	11.297130	0.000000	317.766113	1024
0	272665	275135	3	2	0	1	261	11.297130	0.000000	320.465942	1024
0	275135	277700	3	2	0	1	262	11.297130	0.000000	323.188507	1024
0	277700	278831	3	2	0	1	263	11.297130	0.000000	324.519470	1024
0	278831	279096	3	2	0	1	264	11.297130	0.000000	324.780823	1024
0	279096	279433	3	2	0	1	265	11.297130	0.000000	325.145294	1024
0	279433	279990	3	2	0	1	266	11.297130	0.000000	325.757904	1024
0	285818	285916	3	2	0	1	268	11.297130	0.000000	332.369476	1024
0	279990	285818	3	2	0	1	267	11.297130	0.000000	332.229736	1024
0	285916	286349	3	2	0	1	269	11.297130	0.000000	332.804535	1024
0	286911	287259	3	2	0	1	271	11.297130	0.000000	333.817566	1024
0	286349	286911	3	2	0	1	270	11.297130	0.000000	333.438141	1024
0	287259	287676	3	2	0	1	272	11.297130	0.000000	334.247467	1024
0	287676	288099	3	2	0	1	273	11.297130	0.000000	334.717712	1024
0	288099	288358	3	2	0	1	274	11.297130	0.000000	334.997162	1024
0	288358	288452	3	2	0	1	275	11.297130	0.000000	335.096893	1024
0	289071	289357	3	2	0	1	277	11.297130	0.000000	336.013489	1024
0	288452	289071	3	2	0	1	276	11.297130	0.000000	335.711914	1024
0	289357	289379	3	2	0	1	278	11.297130	0.000000	336.036743	1024
0	289379	289613	3	2	0	1	279	11.297130	0.000000	336.278320	1024
0	289613	289984	3	2	0	1	280	11.297130	0.000000	336.690552	1024
0	289984	290051	3	2	0	1	281	11.297130	0.000000	336.770355	1024
0	290051	290202	3	2	0	1	282	11.297130	0.000000	336.945526	1024
0	291608	291853	3	2	0	1	284	11.297130	0.000000	338.729553	1024
0	290202	291608	3	2	0	1	283	11.297130	0.000000	338.457092	1024
0	291853	293569	3	2	0	1	285	11.297130	0.000000	340.619812	1024
0	293569	294956	3	2	0	1	286	11.297130	0.000000	342.168060	1024
0	294956	295235	3	2	0	1	287	11.297130	0.000000	342.460449	1024
0	295235	298635	3	2	0	1	288	11.297130	0.000000	346.156799	1024
0	298635	299752	3	2	0	1	289	11.297130	0.000000	347.382416	1024
0	299752	301423	3	2	0	1	290	11.297130	0.000000	349.186798	1024
0	301423	302611	3	2	0	1	291	11.297130	0.000000	350.458588	1024
0	302611	303521	3	2	0	1	292	11.297130	0.000000	351.406860	1024
0	303644	303667	3	2	0	1	294	11.297130	0.000000	351.592987	1024
0	303521	303644	3	2	0	1	293	11.297130	0.000000	351.566345	1024
0	304176	304367	3	2	0	1	296	11.297130	0.000000	352.298828	1024
0	303667	304176	3	2	0	1	295	11.297130	0.000000	352.099030	1024
0	304367	304831	3	2	0	1	297	11.297130	0.000000	352.790009	1024
0	304831	305255	3	2	0	1	298	11.297130	0.000000	353.246674	1024
0	305255	305941	3	2	0	1	299	11.297130	0.000000	353.971802	1024
0	305941	308560	3	2	0	1	300	11.297130	0.000000	356.850037	1024
0	308560	310332	3	2	0	1	301	11.297130	0.000000	358.737762	1024
0	311055	311115	3	2	0	1	303	11.297130	0.000000	359.582886	1024
0	310332	311055	3	2	0	1	302	11.297130	0.000000	359.509949	1024
0	311582	311859	3	2	0	1	305	11.297130	0.000000	360.344360	1024
0	311115	311582	3	2	0	1	304	11.297130	0.000000	360.056610	1024
0	313167	313243	3	2	0	1	307	11.297130	0.000000	361.793091	1024
0	311859	313167	3	2	0	1	306	11.297130	0.000000	361.708008	1024
0	313243	314284	3	2	0	1	308	11.297130	0.000000	362.972321	1024
0	317349	317436	3	2	0	1	310	11.297130	0.000000	366.468048	1024
0	314284	317349	3	2	0	1	309	11.297130	0.000000	366.378021	1024
0	317436	320923	3	2	0	1	311	11.297130	0.000000	370.289490	1024
0	320923	320973	3	2	0	1	312	11.297130	0.000000	370.341400	1024
0	320973	322818	3	2	0	1	313	11.297130	0.000000	372.349487	1024
0	322818	325594	3	2	0	1	314	11.297130	0.000000	375.480988	1024
0	325594	326130	3	2	0	1	315	11.297130	0.000000	376.054565	1024
0	326315	326544	3	2	0	1	318	11.297130	0.000000	376.497559	1024
0	326137	326315	3	2	0	1	317	11.297130	0.000000	376.255585	1024
0	326130	326137	3	2	0	1	316	11.297130	0.000000	376.063385	1024
0	326544	326847	3	2	0	1	319	11.297130	0.000000	376.781372	1024
0	326847	328505	3	2	0	1	320	11.297130	0.000000	378.562775	1024
0	328505	330846	3	2	0	1	321	11.297130	0.000000	381.164307	1024
0	330846	333260	3	2	0	1	322	11.297130	0.000000	383.779877	1024
0	333260	334219	3	2	0	1	323	11.297130	0.000000	384.769501	1024
0	334219	334657	3	2	0	1	324	11.297130	0.000000	385.240417	1024
0	334657	335620	3	2	0	1	325	11.297130	0.000000	386.300537	1024
0	335620	337100	3	2	0	1	326	11.297130	0.000000	387.954742	1024
0	337100	337565	3	2	0	1	327	11.297130	0.000000	388.398438	1024
0	337565	338163	3	2	0	1	328	11.297130	0.000000	389.060730	1024
0	338163	338679	3	2	0	1	329	11.297130	0.000000	389.623962	1024
0	338679	341079	3	2	0	1	330	11.297130	0.000000	392.271484	1024
0	341079	341512	3	2	0	1	331	11.297130	0.000000	392.750061	1024
0	341512	342876	3	2	0	1	332	11.297130	0.000000	394.269562	1024
0	342876	346161	3	2	0	1	334	11.297130	0.000000	397.803589	1024
0	346161	347800	3	2	0	1	335	11.297130	0.000000	399.637024	1024
0	347800	348390	3	2	0	1	336	11.297130	0.000000	400.285034	1024
0	348390	351454	3	2	0	1	337	11.297130	0.000000	403.704285	1024
0	351454	351875	3	2	0	1	339	11.297130	0.000000	404.193085	1024
0	351875	352244	3	2	0	1	340	11.297130	0.000000	404.578552	1024
0	352244	352987	3	2	0	1	341	11.297130	0.000000	405.393982	1024
0	352987	355369	3	2	0	1	342	11.297130	0.000000	407.972107	1024
0	355369	356199	3	2	0	1	343	11.297130	0.000000	408.876923	1024
0	356199	358417	3	2	0	1	344	11.297130	0.000000	411.292450	1024
0	358417	359820	3	2	0	1	345	11.297130	0.000000	412.820740	1024
0	359820	361204	3	2	0	1	346	11.297130	0.000000	414.324677	1024
0	361204	361356	3	2	0	1	347	11.297130	0.000000	414.468140	1024
0	361356	362535	3	2	0	1	348	11.297130	0.000000	415.793152	1024
0	362535	364203	3	2	0	1	349	11.297130	0.000000	417.606659	1024
0	366659	366917	3	2	0	1	353	11.297130	0.000000	420.593811	1024
0	364203	366030	3	2	0	1	350	11.297130	0.000000	419.614014	1024
0	366030	366251	3	2	0	1	351	11.297130	0.000000	419.847107	1024
0	366251	366659	3	2	0	1	352	11.297130	0.000000	420.309082	1024
0	367815	368078	3	2	0	1	355	11.297130	0.000000	421.951630	1024
0	366917	367815	3	2	0	1	354	11.297130	0.000000	421.640930	1024
0	368078	368425	3	2	0	1	356	11.297130	0.000000	422.314667	1024
0	368425	368654	3	2	0	1	357	11.297130	0.000000	422.591949	1024
0	368654	369585	3	2	0	1	358	11.297130	0.000000	423.613281	1024
0	372265	373278	3	2	0	1	362	11.297130	0.000000	427.588989	1024
0	369585	371261	3	2	0	1	359	11.297130	0.000000	425.403168	1024
0	372240	372265	3	2	0	1	361	11.297130	0.000000	426.531586	1024
0	371261	372240	3	2	0	1	360	11.297130	0.000000	426.485779	1024
0	373278	373572	3	2	0	1	363	11.297130	0.000000	427.927032	1024
0	373572	374052	3	2	0	1	364	11.297130	0.000000	428.467255	1024
0	375030	375572	3	2	0	1	366	11.297130	0.000000	430.027344	1024
0	374052	375030	3	2	0	1	365	11.297130	0.000000	429.473633	1024
0	375572	381590	3	2	0	1	367	11.297130	0.000000	436.573944	1024
0	383618	383656	3	2	0	1	369	11.297130	0.000000	438.848999	1024
0	381590	383618	3	2	0	1	368	11.297130	0.000000	438.806396	1024
0	383656	384121	3	2	0	1	370	11.297130	0.000000	439.354034	1024
0	384121	384441	3	2	0	1	371	11.297130	0.000000	439.688354	1024
0	384441	386321	3	2	0	1	372	11.297130	0.000000	441.749176	1024
0	386321	386533	3	2	0	1	373	11.297130	0.000000	442.003754	1024
0	386533	388897	3	2	0	1	374	11.297130	0.000000	444.602844	1024
0	388897	390172	3	2	0	1	375	11.297130	0.000000	446.002289	1024
0	393900	393927	3	2	0	1	377	11.297130	0.000000	450.056091	1024
0	390172	393900	3	2	0	1	376	11.297130	0.000000	450.021759	1024
0	393927	394645	3	2	0	1	378	11.297130	0.000000	450.813965	1024
0	394645	394724	3	2	0	1	379	11.297130	0.000000	450.908966	1024
0	394724	395617	3	2	0	1	380	11.297130	0.000000	451.864716	1024
0	395617	396292	3	2	0	1	381	11.297130	0.000000	452.593445	1024
0	396292	396327	3	2	0	1	382	11.297130	0.000000	452.631012	1024
0	396327	398338	3	2	0	1	383	11.297130	0.000000	454.858276	1024
0	398338	399749	3	2	0	1	384	11.297130	0.000000	456.396484	1024
0	399749	401464	3	2	0	1	385	11.297130	0.000000	458.223480	1024
0	401464	401595	3	2	0	1	386	11.297130	0.000000	458.387451	1024
0	401595	402290	3	2	0	1	387	11.297130	0.000000	459.179321	1024
0	402290	404614	3	2	0	1	388	11.297130	0.000000	461.802551	1024
0	404614	404952	3	2	0	1	389	11.297130	0.000000	462.168365	1024
0	404952	405476	3	2	0	1	390	11.297130	0.000000	462.738586	1024
0	405476	405818	3	2	0	1	391	11.297130	0.000000	463.139221	1024
0	405818	405996	3	2	0	1	392	11.297130	0.000000	463.343597	1024
0	405996	407069	3	2	0	1	393	11.297130	0.000000	464.421661	1024
0	407190	407267	3	2	0	1	395	11.297130	0.000000	464.618103	1024
0	407069	407190	3	2	0	1	394	11.297130	0.000000	464.535919	1024
0	407267	410071	3	2	0	1	396	11.297130	0.000000	467.682404	1024
0	410071	410909	3	2	0	1	397	11.297130	0.000000	468.608978	1024
0	410909	411463	3	2	0	1	398	11.297130	0.000000	469.228638	1024
0	411463	413374	3	2	0	1	399	11.297130	0.000000	471.289642	1024
0	413374	420114	3	2	0	1	400	11.297130	0.000000	478.631317	1024
0	420114	421490	3	2	0	1	401	11.297130	0.000000	480.117065	1024
0	421490	423417	3	2	0	1	402	11.297130	0.000000	482.212677	1024
0	423417	424063	3	2	0	1	403	11.297130	0.000000	482.961029	1024
0	424063	424887	3	2	0	1	404	11.297130	0.000000	483.851349	1024
0	424887	425367	3	2	0	1	405	11.297130	0.000000	484.373047	1024
0	425367	426151	3	2	0	1	406	11.297130	0.000000	485.197052	1024
0	426151	426855	3	2	0	1	407	11.297130	0.000000	485.947906	1024
0	426855	428488	3	2	0	1	408	11.297130	0.000000	487.711182	1024
0	428488	430195	3	2	0	1	409	11.297130	0.000000	489.656616	1024
0	430195	431130	3	2	0	1	410	11.297130	0.000000	490.720673	1024
0	431130	432006	3	2	0	1	411	11.297130	0.000000	491.675964	1024
0	432006	437927	3	2	0	1	412	11.297130	0.000000	498.107178	1024
0	443296	443848	3	2	0	1	414	11.297130	0.000000	504.405609	1024
0	437927	443296	3	2	0	1	413	11.297130	0.000000	503.787323	1024
0	443848	446751	3	2	0	1	415	11.297130	0.000000	507.644867	1024
0	446751	447184	3	2	0	1	416	11.297130	0.000000	508.117462	1024
0	447184	447802	3	2	0	1	417	11.297130	0.000000	508.825592	1024
0	448259	448271	3	2	0	1	419	11.297130	0.000000	509.377380	1024
0	447802	448259	3	2	0	1	418	11.297130	0.000000	509.368744	1024
0	448271	448898	3	2	0	1	420	11.297130	0.000000	510.095642	1024
0	450475	451228	3	2	0	1	423	11.297130	0.000000	512.726196	1024
0	450438	450475	3	2	0	1	422	11.297130	0.000000	511.866608	1024
0	448898	450438	3	2	0	1	421	11.297130	0.000000	511.830627	1024
0	452047	452063	3	2	0	1	425	11.297130	0.000000	513.603394	1024
0	451228	452047	3	2	0	1	424	11.297130	0.000000	513.586060	1024
0	452063	452550	3	2	0	1	426	11.297130	0.000000	514.128174	1024
0	452550	453121	3	2	0	1	427	11.297130	0.000000	514.705566	1024
0	453121	455084	3	2	0	1	428	11.297130	0.000000	516.777649	1024
0	455084	455141	3	2	0	1	429	11.297130	0.000000	516.833740	1024
0	455141	456740	3	2	0	1	430	11.297130	0.000000	518.621582	1024
0	456740	458300	3	2	0	1	431	11.297130	0.000000	520.400330	1024
0	458300	458873	3	2	0	1	432	11.297130	0.000000	521.023499	1024
0	458873	459224	3	2	0	1	433	11.297130	0.000000	521.410828	1024
0	459224	461090	3	2	0	1	434	11.297130	0.000000	523.307312	1024
0	461095	461553	3	2	0	1	436	11.297130	0.000000	523.843811	1024
0	461090	461095	3	2	0	1	435	11.297130	0.000000	523.309387	1024
0	461553	461744	3	2	0	1	437	11.297130	0.000000	524.012817	1024
0	461744	463646	3	2	0	1	438	11.297130	0.000000	526.036377	1024
0	463646	465508	3	2	0	1	439	11.297130	0.000000	527.965820	1024
0	465508	466718	3	2	0	1	440	11.297130	0.000000	529.337952	1024
0	466718	470796	3	2	0	1	441	11.297130	0.000000	533.772461	1024
0	471636	471840	3	2	0	1	444	11.297130	0.000000	534.841370	1024
0	470796	471432	3	2	0	1	442	11.297130	0.000000	534.420715	1024
0	471432	471636	3	2	0	1	443	11.297130	0.000000	534.618286	1024
0	471840	472139	3	2	0	1	445	11.297130	0.000000	535.170410	1024
0	472547	472785	3	2	0	1	447	11.297130	0.000000	535.857178	1024
0	472139	472547	3	2	0	1	446	11.297130	0.000000	535.606506	1024
0	472785	473040	3	2	0	1	448	11.297130	0.000000	536.123291	1024
0	473040	474855	3	2	0	1	449	11.297130	0.000000	538.133606	1024
0	474855	475439	3	2	0	1	450	11.297130	0.000000	538.782715	1024
0	475439	476338	3	2	0	1	451	11.297130	0.000000	539.775635	1024
0	476338	476376	3	2	0	1	452	11.297130	0.000000	539.805847	1024
0	476376	477459	3	2	0	1	453	11.297130	0.000000	540.971008	1024
0	477459	477941	3	2	0	1	454	11.297130	0.000000	541.544739	1024
0	477941	478072	3	2	0	1	455	11.297130	0.000000	541.692810	1024
0	478072	478141	3	2	0	1	456	11.297130	0.000000	541.766724	1024
0	478141	478538	3	2	0	1	457	11.297130	0.000000	542.206360	1024
0	478538	478799	3	2	0	1	458	11.297130	0.000000	542.488220	1024
0	478799	481424	3	2	0	1	459	11.297130	0.000000	545.384888	1024
0	481424	483646	3	2	0	1	460	11.297130	0.000000	547.754944	1024
0	483646	483763	3	2	0	1	461	11.297130	0.000000	547.868225	1024
0	483763	484515	3	2	0	1	462	11.297130	0.000000	548.673157	1024
0	484515	485036	3	2	0	1	463	11.297130	0.000000	549.278320	1024
0	485036	486516	3	2	0	1	464	11.297130	0.000000	550.867310	1024
0	486516	486654	3	2	0	1	465	11.297130	0.000000	551.019775	1024
0	487991	488262	3	2	0	1	467	11.297130	0.000000	552.741272	1024
0	486654	487991	3	2	0	1	466	11.297130	0.000000	552.449707	1024
0	488262	488499	3	2	0	1	468	11.297130	0.000000	552.989197	1024
0	488499	489115	3	2	0	1	469	11.297130	0.000000	553.664856	1024
0	490077	490142	3	2	0	1	471	11.297130	0.000000	554.768066	1024
0	489115	490077	3	2	0	1	470	11.297130	0.000000	554.679565	1024
0	490142	490670	3	2	0	1	472	11.297130	0.000000	555.323914	1024
0	490670	492424	3	2	0	1	473	11.297130	0.000000	557.213501	1024
0	492424	493790	3	2	0	1	474	11.297130	0.000000	558.689697	1024
0	495064	495277	3	2	0	1	476	11.297130	0.000000	560.327209	1024
0	493790	495064	3	2	0	1	475	11.297130	0.000000	560.105347	1024
0	495277	495950	3	2	0	1	477	11.297130	0.000000	561.031189	1024
0	496779	497403	3	2	0	1	479	11.297130	0.000000	562.523499	1024
0	495950	496779	3	2	0	1	478	11.297130	0.000000	561.879822	1024
0	497403	500455	3	2	0	1	481	11.297130	0.000000	565.928162	1024
0	500455	501783	3	2	0	1	482	11.297130	0.000000	567.365906	1024
0	502290	502531	3	2	0	1	484	11.297130	0.000000	568.207825	1024
0	501783	502290	3	2	0	1	483	11.297130	0.000000	567.922852	1024
0	502531	503370	3	2	0	1	485	11.297130	0.000000	569.113708	1024
0	503370	505344	3	2	0	1	486	11.297130	0.000000	571.306885	1024
0	505344	505388	3	2	0	1	487	11.297130	0.000000	571.345398	1024
0	505388	506965	3	2	0	1	488	11.297130	0.000000	573.018433	1024
0	506965	506988	3	2	0	1	489	11.297130	0.000000	573.041138	1024
0	506988	508285	3	2	0	1	490	11.297130	0.000000	574.402832	1024
0	508285	509939	3	2	0	1	491	11.297130	0.000000	576.215332	1024
0	511004	511617	3	2	0	1	493	11.297130	0.000000	577.974304	1024
0	509939	511004	3	2	0	1	492	11.297130	0.000000	577.331055	1024
0	511617	512127	3	2	0	1	494	11.297130	0.000000	578.515442	1024
0	512127	512495	3	2	0	1	495	11.297130	0.000000	578.894897	1024
0	512495	513264	3	2	0	1	496	11.297130	0.000000	579.723877	1024
0	513264	513394	3	2	0	1	497	11.297130	0.000000	579.878052	1024
0	514829	514876	3	2	0	1	500	11.297130	0.000000	581.485779	1024
0	514690	514829	3	2	0	1	499	11.297130	0.000000	581.423096	1024
0	513394	514690	3	2	0	1	498	11.297130	0.000000	581.277466	1024
0	516445	516499	3	2	0	1	504	11.297130	0.000000	583.255859	1024
0	514876	515879	3	2	0	1	501	11.297130	0.000000	582.551086	1024
0	515879	516328	3	2	0	1	502	11.297130	0.000000	583.045227	1024
0	516328	516445	3	2	0	1	503	11.297130	0.000000	583.208130	1024
0	516499	516558	3	2	0	1	505	11.297130	0.000000	583.313110	1024
0	516558	516573	3	2	0	1	506	11.297130	0.000000	583.325684	1024
0	516573	517866	3	2	0	1	507	11.297130	0.000000	584.739014	1024
0	517866	519543	3	2	0	1	508	11.297130	0.000000	586.614502	1024
0	520158	520442	3	2	0	1	510	11.297130	0.000000	587.560913	1024
0	519543	520158	3	2	0	1	509	11.297130	0.000000	587.288147	1024
0	522102	522519	3	2	0	1	512	11.297130	0.000000	589.841553	1024
0	520442	522102	3	2	0	1	511	11.297130	0.000000	589.421326	1024
0	522519	523553	3	2	0	1	513	11.297130	0.000000	590.891357	1024
0	523553	525015	3	2	0	1	514	11.297130	0.000000	592.435913	1024
0	525015	526337	3	2	0	1	515	11.297130	0.000000	593.868713	1024
0	526337	527413	3	2	0	1	516	11.297130	0.000000	595.055115	1024
0	527413	528867	3	2	0	1	517	11.297130	0.000000	596.717285	1024
0	528867	529558	3	2	0	1	518	11.297130	0.000000	597.472656	1024
0	533249	533336	3	2	0	1	522	11.297130	0.000000	601.444885	1024
0	529558	532467	3	2	0	1	519	11.297130	0.000000	600.566467	1024
0	532467	532914	3	2	0	1	520	11.297130	0.000000	601.030212	1024
0	533336	533575	3	2	0	1	523	11.297130	0.000000	601.711365	1024
0	532914	533249	3	2	0	1	521	11.297130	0.000000	601.361816	1024
0	533575	535412	3	2	0	1	524	11.297130	0.000000	603.752441	1024
0	535504	535562	3	2	0	1	526	11.297130	0.000000	603.923157	1024
0	535412	535504	3	2	0	1	525	11.297130	0.000000	603.843506	1024
0	535562	535759	3	2	0	1	527	11.297130	0.000000	604.150269	1024
0	535759	536508	3	2	0	1	528	11.297130	0.000000	604.947693	1024
0	536508	537846	3	2	0	1	529	11.297130	0.000000	606.389832	1024
0	537846	539110	3	2	0	1	530	11.297130	0.000000	607.817932	1024
0	539110	539382	3	2	0	1	531	11.297130	0.000000	608.118591	1024
0	539382	539744	3	2	0	1	532	11.297130	0.000000	608.498169	1024
0	539744	540387	3	2	0	1	533	11.297130	0.000000	609.211487	1024
0	540387	541415	3	2	0	1	534	11.297130	0.000000	610.370911	1024
0	542741	542793	3	2	0	1	536	11.297130	0.000000	611.839783	1024
0	541415	542741	3	2	0	1	535	11.297130	0.000000	611.795044	1024
0	542793	543851	3	2	0	1	537	11.297130	0.000000	613.021179	1024
0	543851	544638	3	2	0	1	538	11.297130	0.000000	613.861877	1024
0	544638	545138	3	2	0	1	539	11.297130	0.000000	614.404602	1024
0	546387	547087	3	2	0	1	541	11.297130	0.000000	616.565857	1024
0	545138	546387	3	2	0	1	540	11.297130	0.000000	615.792053	1024
0	547087	547569	3	2	0	1	542	11.297130	0.000000	617.095215	1024
0	547569	548324	3	2	0	1	543	11.297130	0.000000	617.920227	1024
0	549130	549451	3	2	0	1	545	11.297130	0.000000	619.134277	1024
0	548324	549130	3	2	0	1	544	11.297130	0.000000	618.805725	1024
0	549451	550835	3	2	0	1	546	11.297130	0.000000	620.661316	1024
0	550835	551413	3	2	0	1	548	11.297130	0.000000	621.345459	1024
0	551413	553119	3	2	0	1	549	11.297130	0.000000	623.208252	1024
0	553119	554031	3	2	0	1	550	11.297130	0.000000	624.211426	1024
0	554031	555600	3	2	0	1	551	11.297130	0.000000	625.964050	1024
0	555600	559026	3	2	0	1	552	11.297130	0.000000	629.714966	1024
0	559026	559701	3	2	0	1	553	11.297130	0.000000	630.429871	1024
0	559701	560841	3	2	0	1	554	11.297130	0.000000	631.757874	1024
0	567269	567872	3	2	0	1	557	11.297130	0.000000	639.442200	1024
0	567004	567269	3	2	0	1	556	11.297130	0.000000	638.783325	1024
0	560841	567004	3	2	0	1	555	11.297130	0.000000	638.522278	1024
0	567872	568163	3	2	0	1	558	11.297130	0.000000	639.786255	1024
0	568163	569705	3	2	0	1	559	11.297130	0.000000	641.521118	1024
0	569705	570228	3	2	0	1	560	11.297130	0.000000	642.076111	1024
0	570228	570303	3	2	0	1	561	11.297130	0.000000	642.164246	1024
0	570303	570316	3	2	0	1	562	11.297130	0.000000	642.178284	1024
0	570316	572408	3	2	0	1	563	11.297130	0.000000	644.504272	1024
0	572408	572781	3	2	0	1	564	11.297130	0.000000	644.908569	1024
0	572781	573046	3	2	0	1	565	11.297130	0.000000	645.204407	1024
0	573046	575568	3	2	0	1	566	11.297130	0.000000	647.879761	1024
0	575568	575993	3	2	0	1	567	11.297130	0.000000	648.398071	1024
0	575993	576030	3	2	0	1	568	11.297130	0.000000	648.434326	1024
0	577011	577984	3	2	0	1	570	11.297130	0.000000	650.621094	1024
0	576030	577011	3	2	0	1	569	11.297130	0.000000	649.531189	1024
0	577984	578727	3	2	0	1	571	11.297130	0.000000	651.432922	1024
0	580394	581714	3	2	0	1	573	11.297130	0.000000	654.622559	1024
0	578727	580394	3	2	0	1	572	11.297130	0.000000	653.191711	1024
0	581714	581967	3	2	0	1	574	11.297130	0.000000	654.889221	1024
0	581967	583058	3	2	0	1	575	11.297130	0.000000	656.092651	1024
0	583058	583440	3	2	0	1	576	11.297130	0.000000	656.514526	1024
0	583440	585629	3	2	0	1	577	11.297130	0.000000	658.909241	1024
0	585629	586317	3	2	0	1	578	11.297130	0.000000	659.690674	1024
0	586317	586573	3	2	0	1	579	11.297130	0.000000	659.978394	1024
0	586573	586747	3	2	0	1	580	11.297130	0.000000	660.159180	1024
0	586747	587238	3	2	0	1	581	11.297130	0.000000	660.667725	1024
0	587238	587924	3	2	0	1	582	11.297130	0.000000	661.458740	1024
0	587924	588637	3	2	0	1	583	11.297130	0.000000	662.214417	1024
0	588637	589889	3	2	0	1	584	11.297130	0.000000	663.527527	1024
0	589889	593964	3	2	0	1	585	11.297130	0.000000	667.971375	1024
0	593964	594400	3	2	0	1	586	11.297130	0.000000	668.436707	1024
0	594400	595583	3	2	0	1	587	11.297130	0.000000	669.777649	1024
0	595583	595587	3	2	0	1	588	11.297130	0.000000	669.783142	1024
0	595587	595802	3	2	0	1	589	11.297130	0.000000	670.015686	1024
0	596132	596186	3	2	0	1	591	11.297130	0.000000	670.461853	1024
0	595802	596132	3	2	0	1	590	11.297130	0.000000	670.400330	1024
0	596186	598511	3	2	0	1	592	11.297130	0.000000	672.984436	1024
0	598511	599332	3	2	0	1	593	11.297130	0.000000	673.958252	1024
0	599332	602177	3	2	0	1	594	11.297130	0.000000	676.998535	1024
0	602177	603417	3	2	0	1	595	11.297130	0.000000	678.381775	1024
0	603417	603676	3	2	0	1	596	11.297130	0.000000	678.672485	1024
0	603676	603690	3	2	0	1	597	11.297130	0.000000	678.686646	1024
0	603690	605449	3	2	0	1	598	11.297130	0.000000	680.541321	1024
0	607130	607646	3	2	0	1	600	11.297130	0.000000	682.891602	1024
0	605449	607130	3	2	0	1	599	11.297130	0.000000	682.301941	1024
0	607646	608726	3	2	0	1	601	11.297130	0.000000	684.070862	1024
0	608726	609691	3	2	0	1	602	11.297130	0.000000	685.111938	1024
0	609691	610818	3	2	0	1	603	11.297130	0.000000	686.361877	1024
0	610818	611405	3	2	0	1	604	11.297130	0.000000	686.989868	1024
0	611405	613594	3	2	0	1	605	11.297130	0.000000	689.361328	1024
0	613594	615640	3	2	0	1	606	11.297130	0.000000	691.570801	1024
0	615640	616160	3	2	0	1	607	11.297130	0.000000	692.148010	1024
0	616160	616846	3	2	0	1	608	11.297130	0.000000	692.937500	1024
0	616846	618810	3	2	0	1	609	11.297130	0.000000	695.139832	1024
0	620622	620970	3	2	0	1	611	11.297130	0.000000	697.489868	1024
0	618810	620622	3	2	0	1	610	11.297130	0.000000	697.132751	1024
0	620970	621029	3	2	0	1	612	11.297130	0.000000	697.543579	1024
0	621029	621946	3	2	0	1	613	11.297130	0.000000	698.551453	1024
0	621946	622878	3	2	0	1	614	11.297130	0.000000	699.560547	1024
0	622878	624285	3	2	0	1	615	11.297130	0.000000	701.117554	1024
0	626685	626844	3	2	0	1	617	11.297130	0.000000	703.825623	1024
0	624285	626685	3	2	0	1	616	11.297130	0.000000	703.661865	1024
0	626844	627551	3	2	0	1	618	11.297130	0.000000	704.591919	1024
0	627551	628407	3	2	0	1	619	11.297130	0.000000	705.490417	1024
0	628407	628770	3	2	0	1	620	11.297130	0.000000	705.883911	1024
0	628770	628928	3	2	0	1	621	11.297130	0.000000	706.045715	1024
0	628928	629335	3	2	0	1	623	11.297130	0.000000	706.478516	1024
0	629335	629488	3	2	0	1	624	11.297130	0.000000	706.642822	1024
0	629488	630135	3	2	0	1	625	11.297130	0.000000	707.356567	1024
0	631345	631516	3	2	0	1	628	11.297130	0.000000	708.896301	1024
0	631302	631345	3	2	0	1	627	11.297130	0.000000	708.707153	1024
0	630135	631302	3	2	0	1	626	11.297130	0.000000	708.652222	1024
0	631516	635042	3	2	0	1	629	11.297130	0.000000	712.690735	1024
0	635042	636203	3	2	0	1	630	11.297130	0.000000	713.972839	1024
0	636203	636331	3	2	0	1	631	11.297130	0.000000	714.107544	1024
0	636331	637264	3	2	0	1	632	11.297130	0.000000	715.128784	1024
0	638005	638438	3	2	0	1	634	11.297130	0.000000	716.437927	1024
0	637264	638005	3	2	0	1	633	11.297130	0.000000	715.963562	1024
0	638438	640385	3	2	0	1	635	11.297130	0.000000	718.533447	1024
0	642621	642746	3	2	0	1	637	11.297130	0.000000	721.152100	1024
0	640385	642621	3	2	0	1	636	11.297130	0.000000	721.011414	1024
0	642746	643031	3	2	0	1	638	11.297130	0.000000	721.485168	1024
0	643031	643065	3	2	0	1	639	11.297130	0.000000	721.514893	1024
0	643065	643446	3	2	0	1	640	11.297130	0.000000	721.916382	1024
0	643446	644249	3	2	0	1	641	11.297130	0.000000	722.802979	1024
0	644249	645724	3	2	0	1	642	11.297130	0.000000	724.358948	1024
0	645724	647753	3	2	0	1	643	11.297130	0.000000	726.544067	1024
0	647753	648372	3	2	0	1	644	11.297130	0.000000	727.233398	1024
0	648372	649656	3	2	0	1	645	11.297130	0.000000	728.614929	1024
0	649656	650919	3	2	0	1	646	11.297130	0.000000	730.034363	1024
0	650919	651570	3	2	0	1	647	11.297130	0.000000	730.769409	1024
0	651570	652032	3	2	0	1	648	11.297130	0.000000	731.311401	1024
0	652032	654208	3	2	0	1	649	11.297130	0.000000	733.571106	1024
0	654208	655356	3	2	0	1	650	11.297130	0.000000	734.784485	1024
0	655356	656351	3	2	0	1	651	11.297130	0.000000	735.824280	1024
0	656351	659828	3	2	0	1	652	11.297130	0.000000	739.637085	1024
0	659828	659869	3	2	0	1	653	11.297130	0.000000	739.684021	1024
0	659869	663755	3	2	0	1	654	11.297130	0.000000	744.044739	1024
0	663755	666562	3	2	0	1	655	11.297130	0.000000	747.142761	1024
0	666562	667245	3	2	0	1	656	11.297130	0.000000	747.897705	1024
0	671121	671359	3	2	0	1	658	11.297130	0.000000	752.419128	1024
0	667245	671121	3	2	0	1	657	11.297130	0.000000	752.148071	1024
0	671359	671573	3	2	0	1	659	11.297130	0.000000	752.634216	1024
0	671573	671706	3	2	0	1	660	11.297130	0.000000	752.786133	1024
0	671706	673281	3	2	0	1	661	11.297130	0.000000	754.462402	1024
0	673281	674975	3	2	0	1	662	11.297130	0.000000	756.414246	1024
0	674975	675434	3	2	0	1	663	11.297130	0.000000	756.895935	1024
0	675434	676406	3	2	0	1	664	11.297130	0.000000	757.999939	1024
0	676406	677739	3	2	0	1	665	11.297130	0.000000	759.459900	1024
0	677739	678088	3	2	0	1	666	11.297130	0.000000	759.846558	1024
0	678088	678183	3	2	0	1	667	11.297130	0.000000	759.967651	1024
0	678183	678636	3	2	0	1	668	11.297130	0.000000	760.463074	1024
0	678636	679265	3	2	0	1	669	11.297130	0.000000	761.160461	1024
0	679265	679555	3	2	0	1	670	11.297130	0.000000	761.510620	1024
0	679555	682530	3	2	0	1	671	11.297130	0.000000	764.743103	1024
0	682530	683650	3	2	0	1	672	11.297130	0.000000	765.888489	1024
0	683650	685097	3	2	0	1	673	11.297130	0.000000	767.480652	1024
0	685097	686720	3	2	0	1	674	11.297130	0.000000	769.215759	1024
0	686720	687090	3	2	0	1	675	11.297130	0.000000	769.618408	1024
0	687090	689235	3	2	0	1	676	11.297130	0.000000	771.897705	1024
0	689235	690280	3	2	0	1	677	11.297130	0.000000	773.053955	1024
0	690280	690453	3	2	0	1	678	11.297130	0.000000	773.217834	1024
0	693485	693649	3	2	0	1	680	11.297130	0.000000	776.711609	1024
0	690453	693485	3	2	0	1	679	11.297130	0.000000	776.521667	1024
0	693649	693918	3	2	0	1	681	11.297130	0.000000	777.015320	1024
0	693918	693928	3	2	0	1	682	11.297130	0.000000	777.020935	1024
0	693928	694498	3	2	0	1	684	11.297130	0.000000	777.650757	1024
0	695158	695929	3	2	0	1	686	11.297130	0.000000	779.176697	1024
0	694498	695158	3	2	0	1	685	11.297130	0.000000	778.358704	1024
0	695929	697381	3	2	0	1	687	11.297130	0.000000	780.788391	1024
0	697445	697787	3	2	0	1	689	11.297130	0.000000	781.250671	1024
0	697381	697445	3	2	0	1	688	11.297130	0.000000	780.851379	1024
0	700213	700459	3	2	0	1	691	11.297130	0.000000	784.166748	1024
0	697787	700213	3	2	0	1	690	11.297130	0.000000	783.915710	1024
0	700459	702574	3	2	0	1	692	11.297130	0.000000	786.489868	1024
0	702574	702771	3	2	0	1	693	11.297130	0.000000	786.693970	1024
0	702771	702779	3	2	0	1	694	11.297130	0.000000	786.702759	1024
0	702779	703582	3	2	0	1	695	11.297130	0.000000	787.598511	1024
0	703582	704574	3	2	0	1	696	11.297130	0.000000	788.688232	1024
0	704574	706738	3	2	0	1	697	11.297130	0.000000	791.068542	1024
0	706738	708895	3	2	0	1	698	11.297130	0.000000	793.465942	1024
0	708895	713385	3	2	0	1	699	11.297130	0.000000	798.255859	1024
0	713385	713445	3	2	0	1	700	11.297130	0.000000	798.307617	1024
0	713445	713522	3	2	0	1	701	11.297130	0.000000	798.382690	1024
0	715400	716044	3	2	0	1	703	11.297130	0.000000	801.130127	1024
0	713522	715400	3	2	0	1	702	11.297130	0.000000	800.420471	1024
0	716044	716659	3	2	0	1	704	11.297130	0.000000	801.778015	1024
0	716659	716991	3	2	0	1	705	11.297130	0.000000	802.160095	1024
0	716991	717118	3	2	0	1	706	11.297130	0.000000	802.303894	1024
0	717118	718007	3	2	0	1	707	11.297130	0.000000	803.330261	1024
0	718007	718550	3	2	0	1	708	11.297130	0.000000	803.924805	1024
0	718550	719158	3	2	0	1	709	11.297130	0.000000	804.623718	1024
0	719158	719750	3	2	0	1	710	11.297130	0.000000	805.241821	1024
0	720680	720697	3	2	0	1	712	11.297130	0.000000	806.298096	1024
0	719750	720680	3	2	0	1	711	11.297130	0.000000	806.286804	1024
0	720697	722111	3	2	0	1	713	11.297130	0.000000	807.892090	1024
0	722111	723799	3	2	0	1	714	11.297130	0.000000	809.704895	1024
0	723799	725141	3	2	0	1	715	11.297130	0.000000	811.178833	1024
0	725141	725408	3	2	0	1	716	11.297130	0.000000	811.460449	1024
0	725408	725690	3	2	0	1	717	11.297130	0.000000	811.777466	1024
0	725690	726779	3	2	0	1	718	11.297130	0.000000	812.997009	1024
0	726779	727296	3	2	0	1	719	11.297130	0.000000	813.521851	1024
0	727296	727655	3	2	0	1	720	11.297130	0.000000	813.927979	1024
0	727655	727899	3	2	0	1	721	11.297130	0.000000	814.242126	1024
0	727899	729125	3	2	0	1	722	11.297130	0.000000	815.564941	1024
0	729424	729923	3	2	0	1	724	11.297130	0.000000	816.453125	1024
0	729125	729424	3	2	0	1	723	11.297130	0.000000	815.878357	1024
0	729923	730718	3	2	0	1	725	11.297130	0.000000	817.386963	1024
0	730718	731059	3	2	0	1	726	11.297130	0.000000	817.812561	1024
0	731059	732904	3	2	0	1	727	11.297130	0.000000	819.840637	1024
0	732904	734101	3	2	0	1	728	11.297130	0.000000	821.128296	1024
0	735655	736029	3	2	0	1	730	11.297130	0.000000	823.258179	1024
0	734101	735655	3	2	0	1	729	11.297130	0.000000	822.809631	1024
0	736029	736603	3	2	0	1	731	11.297130	0.000000	823.852844	1024
0	736603	738521	3	2	0	1	732	11.297130	0.000000	825.947266	1024
0	738521	739127	3	2	0	1	733	11.297130	0.000000	826.567566	1024
0	739186	739813	3	2	0	1	735	11.297130	0.000000	827.315552	1024
0	739127	739186	3	2	0	1	734	11.297130	0.000000	826.637268	1024
0	739813	739875	3	2	0	1	736	11.297130	0.000000	827.390381	1024
0	739875	742481	3	2	0	1	737	11.297130	0.000000	830.282349	1024
0	742481	744607	3	2	0	1	738	11.297130	0.000000	832.661743	1024
0	744607	745433	3	2	0	1	739	11.297130	0.000000	833.620911	1024
0	747104	747514	3	2	0	1	741	11.297130	0.000000	835.930603	1024
0	745433	747104	3	2	0	1	740	11.297130	0.000000	835.469971	1024
0	747514	747760	3	2	0	1	742	11.297130	0.000000	836.214539	1024
0	747760	749493	3	2	0	1	743	11.297130	0.000000	838.073059	1024
0	749493	750528	3	2	0	1	744	11.297130	0.000000	839.271729	1024
0	750528	752338	3	2	0	1	745	11.297130	0.000000	841.273682	1024
0	752338	753842	3	2	0	1	746	11.297130	0.000000	842.942932	1024
0	753842	754918	3	2	0	1	747	11.297130	0.000000	844.102844	1024
0	754918	756664	3	2	0	1	748	11.297130	0.000000	845.901245	1024
0	756664	758700	3	2	0	1	749	11.297130	0.000000	848.135925	1024
0	758700	762371	3	2	0	1	750	11.297130	0.000000	852.045532	1024
0	762371	763384	3	2	0	1	751	11.297130	0.000000	853.114380	1024
0	763384	763866	3	2	0	1	752	11.297130	0.000000	853.623657	1024
0	763866	765937	3	2	0	1	753	11.297130	0.000000	855.996094	1024
0	765937	768500	3	2	0	1	754	11.297130	0.000000	858.828064	1024
0	770425	770533	3	2	0	1	756	11.297130	0.000000	861.030273	1024
0	768500	770425	3	2	0	1	755	11.297130	0.000000	860.927979	1024
0	770533	771382	3	2	0	1	757	11.297130	0.000000	861.945190	1024
0	771382	771833	3	2	0	1	758	11.297130	0.000000	862.470398	1024
0	771833	773860	3	2	0	1	759	11.297130	0.000000	864.710876	1024
0	773860	773937	3	2	0	1	760	11.297130	0.000000	864.792480	1024
0	773937	775917	3	2	0	1	761	11.297130	0.000000	866.886108	1024
0	775917	775999	3	2	0	1	762	11.297130	0.000000	866.991577	1024
0	775999	776118	3	2	0	1	763	11.297130	0.000000	867.117554	1024
0	776118	780523	3	2	0	1	764	11.297130	0.000000	871.898254	1024
0	780523	780589	3	2	0	1	765	11.297130	0.000000	871.971863	1024
0	780589	782139	3	2	0	1	766	11.297130	0.000000	873.716492	1024
0	782255	782381	3	2	0	1	769	11.297130	0.000000	873.959656	1024
0	782139	782247	3	2	0	1	767	11.297130	0.000000	873.824219	1024
0	782247	782255	3	2	0	1	768	11.297130	0.000000	873.832458	1024
0	783987	784221	3	2	0	1	772	11.297130	0.000000	876.016174	1024
0	782381	783676	3	2	0	1	770	11.297130	0.000000	875.423828	1024
0	783676	783987	3	2	0	1	771	11.297130	0.000000	875.760437	1024
0	784221	784570	3	2	0	1	774	11.297130	0.000000	876.412354	1024
0	784570	785113	3	2	0	1	775	11.297130	0.000000	877.016663	1024
0	785881	786783	3	2	0	1	777	11.297130	0.000000	878.840332	1024
0	785113	785881	3	2	0	1	776	11.297130	0.000000	877.878357	1024
0	786783	787163	3	2	0	1	778	11.297130	0.000000	879.270630	1024
0	787163	787905	3	2	0	1	779	11.297130	0.000000	880.106262	1024
0	787905	790922	3	2	0	1	781	11.297130	0.000000	883.431641	1024
0	791292	791413	3	2	0	1	783	11.297130	0.000000	883.989136	1024
0	790922	791292	3	2	0	1	782	11.297130	0.000000	883.819763	1024
0	791413	792291	3	2	0	1	784	11.297130	0.000000	884.963196	1024
0	792291	794146	3	2	0	1	785	11.297130	0.000000	887.019531	1024
0	794146	794861	3	2	0	1	786	11.297130	0.000000	887.794922	1024
0	797584	797590	3	2	0	1	790	11.297130	0.000000	890.811707	1024
0	796949	797038	3	2	0	1	788	11.297130	0.000000	890.191650	1024
0	794861	796949	3	2	0	1	787	11.297130	0.000000	890.083801	1024
0	797038	797584	3	2	0	1	789	11.297130	0.000000	890.805115	1024
0	797590	802859	3	2	0	1	791	11.297130	0.000000	896.535156	1024
0	802859	803923	3	2	0	1	792	11.297130	0.000000	897.699524	1024
0	803923	804012	3	2	0	1	793	11.297130	0.000000	897.799866	1024
0	804012	807357	3	2	0	1	794	11.297130	0.000000	901.253601	1024
0	807357	807497	3	2	0	1	795	11.297130	0.000000	901.419861	1024
0	807497	807982	3	2	0	1	796	11.297130	0.000000	901.919861	1024
0	807982	809347	3	2	0	1	797	11.297130	0.000000	903.401672	1024
0	810422	810485	3	2	0	1	799	11.297130	0.000000	904.679871	1024
0	809347	810422	3	2	0	1	798	11.297130	0.000000	904.596375	1024
0	810485	811663	3	2	0	1	800	11.297130	0.000000	905.944275	1024
0	811663	814777	3	2	0	1	801	11.297130	0.000000	909.372986	1024
0	814777	814851	3	2	0	1	802	11.297130	0.000000	909.463440	1024
0	814851	815445	3	2	0	1	803	11.297130	0.000000	910.166748	1024
0	815445	816990	3	2	0	1	804	11.297130	0.000000	911.860046	1024
0	816990	817297	3	2	0	1	805	11.297130	0.000000	912.162659	1024
0	817297	817321	3	2	0	1	806	11.297130	0.000000	912.195190	1024
0	817321	817955	3	2	0	1	807	11.297130	0.000000	912.898743	1024
0	817955	819205	3	2	0	1	808	11.297130	0.000000	914.185791	1024
0	819205	819606	3	2	0	1	809	11.297130	0.000000	914.627380	1024
0	819606	820318	3	2	0	1	810	11.297130	0.000000	915.389343	1024
0	820318	820850	3	2	0	1	811	11.297130	0.000000	915.961304	1024
0	820850	822765	3	2	0	1	812	11.297130	0.000000	918.062500	1024
0	822765	823415	3	2	0	1	813	11.297130	0.000000	918.761902	1024
0	823415	823781	3	2	0	1	814	11.297130	0.000000	919.219727	1024
0	823781	825525	3	2	0	1	815	11.297130	0.000000	921.158264	1024
0	825525	825592	3	2	0	1	816	11.297130	0.000000	921.224243	1024
0	825592	826853	3	2	0	1	817	11.297130	0.000000	922.684998	1024
0	826853	827793	3	2	0	1	818	11.297130	0.000000	923.714172	1024
0	827793	830101	3	2	0	1	819	11.297130	0.000000	926.164001	1024
0	830101	830426	3	2	0	1	820	11.297130	0.000000	926.487854	1024
0	830426	831248	3	2	0	1	821	11.297130	0.000000	927.353088	1024
0	831248	835560	3	2	0	1	822	11.297130	0.000000	932.039368	1024
0	835560	838434	3	2	0	1	823	11.297130	0.000000	935.184021	1024
0	838434	838732	3	2	0	1	824	11.297130	0.000000	935.510254	1024
0	838732	846860	3	2	0	1	825	11.297130	0.000000	944.337769	1024
0	846860	847191	3	2	0	1	826	11.297130	0.000000	944.683594	1024
0	847191	847221	3	2	0	1	827	11.297130	0.000000	944.705811	1024
0	847221	848484	3	2	0	1	828	11.297130	0.000000	946.021179	1024
0	848484	852104	3	2	0	1	829	11.297130	0.000000	950.061829	1024
0	852104	853232	3	2	0	1	830	11.297130	0.000000	951.296021	1024
0	853232	853520	3	2	0	1	831	11.297130	0.000000	951.575073	1024
0	853520	854904	3	2	0	1	832	11.297130	0.000000	953.143433	1024
0	854904	855297	3	2	0	1	833	11.297130	0.000000	953.598999	1024
0	855297	855895	3	2	0	1	834	11.297130	0.000000	954.274353	1024
0	856534	856755	3	2	0	1	836	11.297130	0.000000	955.209839	1024
0	855895	856534	3	2	0	1	835	11.297130	0.000000	954.981934	1024
0	856755	856757	3	2	0	1	837	11.297130	0.000000	955.217651	1024
0	856757	858053	3	2	0	1	838	11.297130	0.000000	956.609680	1024
0	859908	860484	3	2	0	1	842	11.297130	0.000000	959.176331	535
0	858053	859374	3	2	0	1	839	11.297130	0.000000	958.021851	1024
0	859374	859509	3	2	0	1	840	11.297130	0.000000	958.173889	1024
0	859509	859908	3	2	0	1	841	11.297130	0.000000	958.588684	535
0	861373	861439	3	2	0	1	846	11.297130	0.000000	960.177124	535
0	859509	860604	3	2	0	1	841	11.297130	0.000000	959.293762	489
0	860484	860628	3	2	0	1	843	11.297130	0.000000	959.323608	535
0	860628	861154	3	2	0	1	844	11.297130	0.000000	959.860413	535
0	860604	861675	3	2	0	1	842	11.297130	0.000000	960.408569	489
0	861154	861373	3	2	0	1	845	11.297130	0.000000	960.108276	535
0	861675	862306	3	2	0	1	843	11.297130	0.000000	961.133972	489
0	861439	861576	3	2	0	1	847	11.297130	0.000000	960.327820	535
0	862306	862474	3	2	0	1	844	11.297130	0.000000	961.332703	489
0	861576	863028	3	2	0	1	848	11.297130	0.000000	961.879211	535
0	862474	864147	3	2	0	1	845	11.297130	0.000000	963.135132	489
0	865361	866223	3	2	0	1	848	11.297130	0.000000	965.369873	489
0	864147	864227	3	2	0	1	846	11.297130	0.000000	963.218262	489
0	863028	865331	3	2	0	1	849	11.297130	0.000000	964.416504	535
0	864227	865361	3	2	0	1	847	11.297130	0.000000	964.449768	489
0	866353	866401	3	2	0	1	850	11.297130	0.000000	965.562561	489
0	866223	866353	3	2	0	1	849	11.297130	0.000000	965.497498	489
0	865331	866653	3	2	0	1	850	11.297130	0.000000	965.809021	535
0	866653	866911	3	2	0	1	851	11.297130	0.000000	966.091980	535
0	866911	867241	3	2	0	1	852	11.297130	0.000000	966.435486	535
0	867241	868526	3	2	0	1	853	11.297130	0.000000	967.858704	535
0	866401	868572	3	2	0	1	851	11.297130	0.000000	967.897095	489
0	868526	869164	3	2	0	1	854	11.297130	0.000000	968.580200	535
0	869986	870011	3	2	0	1	856	11.297130	0.000000	969.460388	535
0	869164	869986	3	2	0	1	855	11.297130	0.000000	969.429504	535
0	870011	870320	3	2	0	1	857	11.297130	0.000000	969.817322	535
0	870320	870748	3	2	0	1	858	11.297130	0.000000	970.288208	535
0	868572	873345	3	2	0	1	852	11.297130	0.000000	973.085693	438
0	868572	872449	3	2	0	1	852	11.297130	0.000000	972.119080	51
0	873345	873384	3	2	0	1	853	11.297130	0.000000	973.128784	438
0	872449	873852	3	2	0	1	853	11.297130	0.000000	973.632263	51
0	874374	874436	3	2	0	1	856	11.297130	0.000000	974.271240	51
0	873384	873855	3	2	0	1	854	11.297130	0.000000	973.633667	438
0	874229	874374	3	2	0	1	855	11.297130	0.000000	974.204163	51
0	873852	874229	3	2	0	1	854	11.297130	0.000000	974.061157	51
0	873855	874321	3	2	0	1	855	11.297130	0.000000	974.143494	438
0	874321	874514	3	2	0	1	856	11.297130	0.000000	974.357117	438
0	874436	874691	3	2	0	1	857	11.297130	0.000000	974.539307	51
0	870748	875895	3	2	0	1	859	11.297130	0.000000	975.871277	535
0	876733	876752	3	2	0	1	859	11.297130	0.000000	976.767944	51
0	874691	876733	3	2	0	1	858	11.297130	0.000000	976.755432	51
0	875895	876865	3	2	0	1	860	11.297130	0.000000	976.897583	535
0	876865	877787	3	2	0	1	861	11.297130	0.000000	977.925659	532
0	874514	877586	3	2	0	1	857	11.297130	0.000000	977.708496	438
0	877586	877643	3	2	0	1	858	11.297130	0.000000	977.763245	438
0	876752	878035	3	2	0	1	860	11.297130	0.000000	978.186218	51
0	876865	878388	3	2	0	1	861	11.297130	0.000000	978.584839	3
0	877787	878595	3	2	0	1	862	11.297130	0.000000	978.803284	532
0	879553	879889	3	2	0	1	863	11.297130	0.000000	980.201477	3
0	877643	879006	3	2	0	1	859	11.297130	0.000000	979.253418	438
0	878035	879599	3	2	0	1	861	11.297130	0.000000	979.903015	51
0	878388	879553	3	2	0	1	862	11.297130	0.000000	979.849060	3
0	879006	879865	3	2	0	1	860	11.297130	0.000000	980.180542	438
0	879865	880069	3	2	0	1	861	11.297130	0.000000	980.386841	438
0	879599	880574	3	2	0	1	862	11.297130	0.000000	980.978271	51
0	880069	880186	3	2	0	1	862	11.297130	0.000000	980.526001	438
0	880574	880659	3	2	0	1	863	11.297130	0.000000	981.086853	51
0	881580	883034	3	2	0	1	865	11.297130	0.000000	983.568665	51
0	880659	881580	3	2	0	1	864	11.297130	0.000000	982.050049	51
0	878595	881834	3	2	0	1	863	11.297130	0.000000	982.323120	532
0	879889	882115	3	2	0	1	864	11.297130	0.000000	982.607910	3
0	881834	882892	3	2	0	1	864	11.297130	0.000000	983.413269	532
0	882892	882895	3	2	0	1	865	11.297130	0.000000	983.415283	532
0	880186	882814	3	2	0	1	863	11.297130	0.000000	983.333984	438
0	882895	883183	3	2	0	1	866	11.297130	0.000000	983.718323	532
0	882814	883087	3	2	0	1	864	11.297130	0.000000	983.616882	438
0	882115	883872	3	2	0	1	865	11.297130	0.000000	984.437256	3
0	883087	883145	3	2	0	1	865	11.297130	0.000000	983.681885	438
0	883872	883913	3	2	0	1	866	11.297130	0.000000	984.472412	3
0	883680	883922	3	2	0	1	867	11.297130	0.000000	984.479614	85
0	883145	883680	3	2	0	1	866	11.297130	0.000000	984.234131	85
0	884470	884824	3	2	0	1	869	11.297130	0.000000	985.409912	85
0	884824	884964	3	2	0	1	870	11.297130	0.000000	985.593384	85
0	884140	884323	3	2	0	1	868	11.297130	0.000000	984.884460	51
0	883034	884140	3	2	0	1	867	11.297130	0.000000	984.703064	51
0	885117	885468	3	2	0	1	868	11.297130	0.000000	986.176575	532
0	883922	884470	3	2	0	1	868	11.297130	0.000000	985.021240	85
0	885468	885616	3	2	0	1	869	11.297130	0.000000	986.338989	532
0	883183	885117	3	2	0	1	867	11.297130	0.000000	985.782227	532
0	884323	885209	3	2	0	1	869	11.297130	0.000000	985.880798	51
0	883145	885694	3	2	0	1	866	11.297130	0.000000	986.427490	353
0	885694	885881	3	2	0	1	867	11.297130	0.000000	986.625366	353
0	885616	887472	3	2	0	1	871	11.297130	0.000000	988.374451	2
0	886234	887347	3	2	0	1	868	11.297130	0.000000	988.248108	3
0	883913	886234	3	2	0	1	867	11.297130	0.000000	987.012390	3
0	885616	886316	3	2	0	1	870	11.297130	0.000000	987.111450	496
0	885616	887337	3	2	0	1	870	11.297130	0.000000	988.239990	34
0	884964	887825	3	2	0	1	871	11.297130	0.000000	988.760254	85
0	886316	887515	3	2	0	1	871	11.297130	0.000000	988.436707	254
0	887472	888014	3	2	0	1	872	11.297130	0.000000	988.984436	2
0	887337	887458	3	2	0	1	871	11.297130	0.000000	988.363647	34
0	887461	887554	3	2	0	1	870	11.297130	0.000000	988.474243	3
0	888014	888082	3	2	0	1	873	11.297130	0.000000	989.059998	2
0	885881	887280	3	2	0	1	868	11.297130	0.000000	988.170349	353
0	887347	887461	3	2	0	1	869	11.297130	0.000000	988.363892	3
0	887458	888878	3	2	0	1	872	11.297130	0.000000	989.855835	34
0	887554	889108	3	2	0	1	871	11.297130	0.000000	990.092712	3
0	888915	889038	3	2	0	1	874	11.297130	0.000000	990.023621	34
0	888799	889871	3	2	0	1	871	11.297130	0.000000	990.917236	221
0	887280	888799	3	2	0	1	870	11.297130	0.000000	989.778748	353
0	887515	889189	3	2	0	1	872	11.297130	0.000000	990.191833	254
0	888082	889184	3	2	0	1	874	11.297130	0.000000	990.185425	2
0	888878	888915	3	2	0	1	873	11.297130	0.000000	989.886292	34
0	889038	889794	3	2	0	1	875	11.297130	0.000000	990.844666	34
0	886316	888980	3	2	0	1	871	11.297130	0.000000	989.964355	242
0	889108	889307	3	2	0	1	872	11.297130	0.000000	990.310425	3
0	885209	889714	3	2	0	1	870	11.297130	0.000000	990.761902	51
0	888799	890005	3	2	0	1	871	11.297130	0.000000	991.061646	132
0	889307	889943	3	2	0	1	873	11.297130	0.000000	991.001587	3
0	889871	890346	3	2	0	1	872	11.297130	0.000000	991.420776	221
0	889943	890268	3	2	0	1	874	11.297130	0.000000	991.336060	3
0	890268	891652	3	2	0	1	875	11.297130	0.000000	992.792236	3
0	889184	890807	3	2	0	1	875	11.297130	0.000000	991.903259	2
0	890807	891012	3	2	0	1	876	11.297130	0.000000	992.118713	2
0	889189	891097	3	2	0	1	873	11.297130	0.000000	992.214050	254
0	890005	891303	3	2	0	1	872	11.297130	0.000000	992.420776	132
0	891097	891179	3	2	0	1	874	11.297130	0.000000	992.297913	254
0	891179	891477	3	2	0	1	875	11.297130	0.000000	992.592651	254
0	889714	891509	3	2	0	1	871	11.297130	0.000000	992.625916	51
0	891509	891655	3	2	0	1	872	11.297130	0.000000	992.793030	51
0	891303	892062	3	2	0	1	874	11.297130	0.000000	993.251526	132
0	888980	891798	3	2	0	1	872	11.297130	0.000000	992.936096	5
0	891655	892622	3	2	0	1	873	11.297130	0.000000	993.890381	36
0	892269	892370	3	2	0	1	873	11.297130	0.000000	993.579712	85
0	890346	892255	3	2	0	1	873	11.297130	0.000000	993.474304	221
0	888980	893227	3	2	0	1	872	11.297130	0.000000	994.533936	97
0	887825	892269	3	2	0	1	872	11.297130	0.000000	993.484924	85
0	892255	893001	3	2	0	1	874	11.297130	0.000000	994.306396	104
0	892622	892635	3	2	0	1	874	11.297130	0.000000	993.901123	36
0	889794	892673	3	2	0	1	876	11.297130	0.000000	993.936951	34
0	892635	892953	3	2	0	1	875	11.297130	0.000000	994.252136	36
0	888980	893046	3	2	0	1	872	11.297130	0.000000	994.346436	140
0	891012	892835	3	2	0	1	877	11.297130	0.000000	994.122375	2
0	891798	892789	3	2	0	1	873	11.297130	0.000000	994.053284	5
0	892835	893538	3	2	0	1	878	11.297130	0.000000	994.857849	2
0	892673	892947	3	2	0	1	877	11.297130	0.000000	994.247803	34
0	895325	895423	3	2	0	1	877	11.297130	0.000000	996.795959	51
0	893046	893237	3	2	0	1	873	11.297130	0.000000	994.545471	140
0	892947	893254	3	2	0	1	879	11.297130	0.000000	994.559509	34
0	892370	894362	3	2	0	1	874	11.297130	0.000000	995.724121	85
0	893153	893235	3	2	0	1	877	11.297130	0.000000	994.540710	181
0	892255	893142	3	2	0	1	874	11.297130	0.000000	994.444336	40
0	891477	893153	3	2	0	1	876	11.297130	0.000000	994.454590	181
0	892062	893275	3	2	0	1	875	11.297130	0.000000	994.572937	38
0	893538	894178	3	2	0	1	879	11.297130	0.000000	995.536560	2
0	893235	893454	3	2	0	1	878	11.297130	0.000000	994.767334	50
0	893142	893452	3	2	0	1	875	11.297130	0.000000	994.766968	40
0	891652	893470	3	2	0	1	876	11.297130	0.000000	994.781494	3
0	893846	893924	3	2	0	1	878	11.297130	0.000000	995.275635	36
0	892789	893539	3	2	0	1	874	11.297130	0.000000	994.858337	5
0	892953	893640	3	2	0	1	876	11.297130	0.000000	994.974487	36
0	893640	893846	3	2	0	1	877	11.297130	0.000000	995.185913	36
0	892255	894462	3	2	0	1	874	11.297130	0.000000	995.818115	22
0	893470	894017	3	2	0	1	877	11.297130	0.000000	995.370178	3
0	893452	894379	3	2	0	1	876	11.297130	0.000000	995.740662	40
0	892255	894888	3	2	0	1	874	11.297130	0.000000	996.229187	24
0	893254	894215	3	2	0	1	880	11.297130	0.000000	995.575500	31
0	891655	894239	3	2	0	1	873	11.297130	0.000000	995.613586	15
0	892255	894473	3	2	0	1	874	11.297130	0.000000	995.824463	31
0	893924	894444	3	2	0	1	879	11.297130	0.000000	995.799133	36
0	894215	894884	3	2	0	1	881	11.297130	0.000000	996.226257	31
2	894901	895083	3	2	0	1	877	11.297130	0.000000	996.445068	38
0	891477	894465	3	2	0	1	876	11.297130	0.000000	995.819824	73
0	894465	894880	3	2	0	1	877	11.297130	0.000000	996.223022	73
0	892062	895344	3	2	0	1	875	11.297130	0.000000	996.705811	6
0	893227	894479	3	2	0	1	873	11.297130	0.000000	995.826904	97
0	892062	894488	3	2	0	1	875	11.297130	0.000000	995.834717	17
0	894898	894970	3	2	0	1	876	11.297130	0.000000	996.325745	5
0	894462	895481	3	2	0	1	875	11.297130	0.000000	996.856934	22
0	893539	894898	3	2	0	1	875	11.297130	0.000000	996.235962	5
0	894379	894636	3	2	0	1	877	11.297130	0.000000	995.982361	40
4	897138	897166	3	2	0	1	879	11.297130	0.000000	998.663513	4
0	894178	894648	3	2	0	1	880	11.297130	0.000000	995.992065	2
0	892062	894964	3	2	0	1	875	11.297130	0.000000	996.313599	51
0	894479	894785	3	2	0	1	874	11.297130	0.000000	996.122131	97
1	896331	896347	3	2	0	1	876	11.297130	0.000000	997.756897	31
0	894488	894861	3	2	0	1	876	11.297130	0.000000	996.195068	17
0	893454	895860	3	2	0	1	879	11.297130	0.000000	997.259277	1
0	893275	894901	3	2	0	1	876	11.297130	0.000000	996.237793	38
36	895694	895748	3	2	0	1	879	11.297130	0.000000	997.141052	131
0	893001	895720	3	2	0	1	875	11.297130	0.000000	997.118408	45
0	893237	895051	3	2	0	1	874	11.297130	0.000000	996.405396	140
0	895639	895717	3	2	0	1	881	11.297130	0.000000	997.116394	3
0	894444	895413	3	2	0	1	880	11.297130	0.000000	996.789978	36
46	895801	896446	3	2	0	1	877	11.297130	0.000000	997.855286	138
0	894239	895361	3	2	0	1	874	11.297130	0.000000	996.716980	15
0	894964	895325	3	2	0	1	876	11.297130	0.000000	996.694702	51
6	895852	896318	3	2	0	1	883	11.297130	0.000000	997.727783	33
0	895867	896001	3	2	0	1	881	11.297130	0.000000	997.422180	1
2	895717	896266	3	2	0	1	882	11.297130	0.000000	997.680359	3
0	894636	895414	3	2	0	1	878	11.297130	0.000000	996.791931	40
0	896371	896569	3	2	0	1	880	11.297130	0.000000	997.997131	3
0	894880	895504	3	2	0	1	878	11.297130	0.000000	996.887451	73
0	894473	896331	3	2	0	1	875	11.297130	0.000000	997.739258	31
0	894648	895473	3	2	0	1	882	11.297130	0.000000	996.849670	2
2	896446	898344	3	2	0	0	878	11.297130	0.000000	999.969788	2
0	895344	895509	3	2	0	1	876	11.297130	0.000000	996.888977	6
0	895423	895777	3	2	0	1	878	11.297130	0.000000	997.172180	29
0	895413	895604	3	2	0	1	881	11.297130	0.000000	996.991760	36
0	893254	895639	3	2	0	1	880	11.297130	0.000000	997.023438	3
0	895051	895904	3	2	0	1	875	11.297130	0.000000	997.315186	2
0	895720	895773	3	2	0	1	876	11.297130	0.000000	997.166504	45
0	894785	895703	3	2	0	1	875	11.297130	0.000000	997.091919	97
9	894362	895691	3	2	0	1	875	11.297130	0.000000	997.078552	85
0	893235	895694	3	2	0	1	878	11.297130	0.000000	997.082153	131
6	895748	897106	3	2	0	1	880	11.297130	0.000000	998.604309	19
7	895703	895912	3	2	0	1	876	11.297130	0.000000	997.324341	97
0	895604	895852	3	2	0	1	882	11.297130	0.000000	997.251526	36
0	895860	895867	3	2	0	1	880	11.297130	0.000000	997.268311	1
0	894017	895788	3	2	0	1	878	11.297130	0.000000	997.181091	3
5	895777	895979	3	2	0	1	879	11.297130	0.000000	997.398010	29
0	895051	895783	3	2	0	1	875	11.297130	0.000000	997.177979	138
0	895473	896326	3	2	0	1	883	11.297130	0.000000	997.735413	2
0	895783	895801	3	2	0	1	876	11.297130	0.000000	997.190552	138
8	898125	898249	3	2	0	0	877	11.297130	0.000000	999.859497	8
0	895979	896398	3	2	0	1	880	11.297130	0.000000	997.804016	19
28	894884	895874	3	2	0	1	882	11.297130	0.000000	997.277344	31
0	895423	895974	3	2	0	1	878	11.297130	0.000000	997.393127	9
0	896033	896570	3	2	0	1	879	11.297130	0.000000	997.997314	3
0	895788	896371	3	2	0	1	879	11.297130	0.000000	997.776306	3
0	894861	895984	3	2	0	1	877	11.297130	0.000000	997.404907	17
9	897447	897720	3	2	0	1	878	11.297130	0.000000	999.300232	14
5	895504	897343	3	2	0	1	879	11.297130	0.000000	998.854919	11
9	895974	896796	3	2	0	1	879	11.297130	0.000000	998.265747	9
0	895773	896204	3	2	0	1	877	11.297130	0.000000	997.620056	45
0	896001	896447	3	2	0	1	882	11.297130	0.000000	997.857361	1
2	895984	896033	3	2	0	1	878	11.297130	0.000000	997.450500	17
0	895852	896027	3	2	0	1	883	11.297130	0.000000	997.441650	3
0	895509	896625	3	2	0	1	877	11.297130	0.000000	998.065796	6
15	896398	896738	3	2	0	1	881	11.297130	0.000000	998.203003	19
7	896829	896995	3	2	0	1	876	11.297130	0.000000	998.494385	10
3	896684	896714	3	2	0	1	876	11.297130	0.000000	998.180664	22
11	895361	896497	3	2	0	1	875	11.297130	0.000000	997.918518	15
0	894970	896298	3	2	0	1	877	11.297130	0.000000	997.710693	5
3	896858	898295	3	2	0	0	876	11.297130	0.000000	999.922363	3
11	895414	896944	3	2	0	1	879	11.297130	0.000000	998.439758	40
16	896204	896524	3	2	0	1	878	11.297130	0.000000	997.946411	45
12	895691	896724	3	2	0	1	876	11.297130	0.000000	998.187134	48
2	897527	897793	3	2	0	1	881	11.297130	0.000000	999.383362	3
0	893001	896684	3	2	0	1	875	11.297130	0.000000	998.145508	22
0	896570	897081	3	2	0	1	880	11.297130	0.000000	998.579956	3
0	895912	897456	3	2	0	1	877	11.297130	0.000000	998.983704	1
0	895504	897198	3	2	0	1	879	11.297130	0.000000	998.703979	2
0	896447	896707	3	2	0	1	883	11.297130	0.000000	998.169922	1
0	896298	896715	3	2	0	1	878	11.297130	0.000000	998.181580	5
4	896446	898057	3	2	0	1	878	11.297130	0.000000	999.650269	6
13	895912	897086	3	2	0	1	877	11.297130	0.000000	998.582092	63
0	896963	897011	3	2	0	1	877	11.297130	0.000000	998.511658	7
2	897673	898355	3	2	0	0	879	11.297130	0.000000	999.987488	2
0	892062	896829	3	2	0	1	875	11.297130	0.000000	998.292603	10
3	896625	897387	3	2	0	1	878	11.297130	0.000000	998.903442	6
23	893001	896858	3	2	0	1	875	11.297130	0.000000	998.322571	37
3	898236	898279	3	2	0	0	878	11.297130	0.000000	999.903931	3
1	898116	898205	3	2	0	0	878	11.297130	0.000000	999.807068	1
2	896326	896882	3	2	0	1	884	11.297130	0.000000	998.354553	2
0	895691	896963	3	2	0	1	876	11.297130	0.000000	998.455750	7
0	895423	897149	3	2	0	1	878	11.297130	0.000000	998.650452	13
1	897564	898351	3	2	0	0	878	11.297130	0.000000	999.980713	1
1	896858	898362	3	2	0	0	876	11.297130	0.000000	999.995117	1
0	893454	897381	3	2	0	1	879	11.297130	0.000000	998.895447	23
0	896524	897047	3	2	0	1	879	11.297130	0.000000	998.548157	4
1	896714	898079	3	2	0	0	877	11.297130	0.000000	999.672363	1
12	896524	898053	3	2	0	1	879	11.297130	0.000000	999.646179	13
10	894888	897424	3	2	0	1	875	11.297130	0.000000	998.940918	10
3	896446	898260	3	2	0	0	878	11.297130	0.000000	999.870117	3
11	894888	897338	3	2	0	1	875	11.297130	0.000000	998.843811	14
3	896027	897181	3	2	0	1	884	11.297130	0.000000	998.679443	3
0	895904	897110	3	2	0	1	876	11.297130	0.000000	998.606567	2
0	897081	897371	3	2	0	1	881	11.297130	0.000000	998.884460	3
0	896446	897138	3	2	0	1	878	11.297130	0.000000	998.636719	4
10	892062	897696	3	2	0	1	875	11.297130	0.000000	999.273926	10
20	893454	897232	3	2	0	1	879	11.297130	0.000000	998.742737	26
1	897791	898043	3	2	0	1	877	11.297130	0.000000	999.637878	1
0	897274	897299	3	2	0	1	879	11.297130	0.000000	998.811340	3
0	897356	897388	3	2	0	1	882	11.297130	0.000000	998.903503	3
0	896446	897129	3	2	0	1	878	11.297130	0.000000	998.619812	8
13	897381	897472	3	2	0	1	880	11.297130	0.000000	999.001709	23
0	895083	897230	3	2	0	1	878	11.297130	0.000000	998.739746	14
9	896318	898034	3	2	0	1	884	11.297130	0.000000	999.625183	9
0	897343	897815	3	2	0	1	880	11.297130	0.000000	999.406616	5
3	897299	897765	3	2	0	1	880	11.297130	0.000000	999.354553	3
5	896524	897795	3	2	0	1	879	11.297130	0.000000	999.384277	9
0	897047	897294	3	2	0	1	880	11.297130	0.000000	998.808472	4
0	896995	897274	3	2	0	1	878	11.297130	0.000000	998.782471	3
6	896944	897527	3	2	0	1	880	11.297130	0.000000	999.053955	9
0	895481	897663	3	2	0	1	876	11.297130	0.000000	999.230347	1
3	895691	897703	3	2	0	1	876	11.297130	0.000000	999.281250	9
16	895083	897716	3	2	0	1	878	11.297130	0.000000	999.295349	22
4	895481	898123	3	2	0	0	876	11.297130	0.000000	999.722412	4
3	897384	897553	3	2	0	1	878	11.297130	0.000000	999.096008	4
12	897344	897449	3	2	0	1	881	11.297130	0.000000	998.973816	16
3	896944	897598	3	2	0	1	880	11.297130	0.000000	999.156799	3
0	896724	897384	3	2	0	1	877	11.297130	0.000000	998.898682	4
0	897106	897313	3	2	0	1	881	11.297130	0.000000	998.821533	10
0	896446	898165	3	2	0	1	878	11.297130	0.000000	999.765686	1
5	895481	897316	3	2	0	1	876	11.297130	0.000000	998.825256	15
2	897720	898174	3	2	0	0	879	11.297130	0.000000	999.776733	2
0	895504	897346	3	2	0	1	879	11.297130	0.000000	998.858826	44
1	898327	898335	3	2	0	0	884	11.297130	0.000000	999.959534	1
29	896724	897602	3	2	0	1	877	11.297130	0.000000	999.160522	32
5	895504	897492	3	2	0	1	880	11.297130	0.000000	999.023926	13
13	897346	897417	3	2	0	1	880	11.297130	0.000000	998.932739	44
1	895748	897755	3	2	0	1	880	11.297130	0.000000	999.344238	1
1	897417	898347	3	2	0	0	881	11.297130	0.000000	999.972412	1
0	895748	897344	3	2	0	1	880	11.297130	0.000000	998.855835	16
0	895481	897334	3	2	0	1	876	11.297130	0.000000	998.840820	1
0	896569	897356	3	2	0	1	881	11.297130	0.000000	998.870850	3
3	897086	897695	3	2	0	1	878	11.297130	0.000000	999.272278	3
11	896446	897858	3	2	0	1	878	11.297130	0.000000	999.460083	11
1	898226	898277	3	2	0	0	879	11.297130	0.000000	999.902588	1
1	897198	897882	3	2	0	1	880	11.297130	0.000000	999.479309	1
1	896033	897821	3	2	0	1	879	11.297130	0.000000	999.413086	11
11	896318	897868	3	2	0	1	884	11.297130	0.000000	999.470337	18
6	897313	897408	3	2	0	1	882	11.297130	0.000000	998.927307	10
0	895748	898064	3	2	0	1	880	11.297130	0.000000	999.656677	6
3	897388	897427	3	2	0	1	883	11.297130	0.000000	998.941895	3
1	897673	898310	3	2	0	0	879	11.297130	0.000000	999.936157	1
2	896347	897447	3	2	0	1	877	11.297130	0.000000	998.969727	16
0	895504	897514	3	2	0	1	879	11.297130	0.000000	999.040955	3
7	896944	897480	3	2	0	1	880	11.297130	0.000000	999.009766	10
11	896714	897564	3	2	0	1	877	11.297130	0.000000	999.112732	17
2	897847	898146	3	2	0	1	880	11.297130	0.000000	999.743713	5
4	896715	897503	3	2	0	1	879	11.297130	0.000000	999.029907	4
8	895691	897508	3	2	0	1	876	11.297130	0.000000	999.032043	8
2	897371	897682	3	2	0	1	882	11.297130	0.000000	999.256104	2
3	897129	897524	3	2	0	1	879	11.297130	0.000000	999.051086	8
1	897663	897951	3	2	0	0	877	11.297130	0.000000	999.543823	1
1	897232	898060	3	2	0	1	880	11.297130	0.000000	999.652771	1
8	897417	898092	3	2	0	1	881	11.297130	0.000000	999.682739	11
16	895748	897781	3	2	0	1	880	11.297130	0.000000	999.367126	38
1	897976	898284	3	2	0	0	885	11.297130	0.000000	999.910095	1
5	895912	897671	3	2	0	1	877	11.297130	0.000000	999.245850	6
0	897338	898116	3	2	0	1	877	11.297130	0.000000	999.714111	1
1	897110	898126	3	2	0	1	877	11.297130	0.000000	999.722778	2
3	897514	897967	3	2	0	1	880	11.297130	0.000000	999.555847	3
0	897086	897658	3	2	0	1	878	11.297130	0.000000	999.222534	4
2	897449	897938	3	2	0	1	882	11.297130	0.000000	999.532593	2
0	898107	898270	3	2	0	1	882	11.297130	0.000000	999.889526	3
1	897639	897648	3	2	0	0	880	11.297130	0.000000	999.206421	1
1	896715	897636	3	2	0	1	879	11.297130	0.000000	999.193909	1
0	897553	897639	3	2	0	1	879	11.297130	0.000000	999.195801	1
1	898132	898245	3	2	0	0	881	11.297130	0.000000	999.851318	1
9	896446	897850	3	2	0	1	878	11.297130	0.000000	999.446838	9
38	896446	897719	3	2	0	1	878	11.297130	0.000000	999.297241	38
17	897086	897673	3	2	0	1	878	11.297130	0.000000	999.247681	26
1	896738	898294	3	2	0	0	882	11.297130	0.000000	999.921570	1
5	897492	898069	3	2	0	1	881	11.297130	0.000000	999.659912	5
1	896714	897998	3	2	0	1	877	11.297130	0.000000	999.591675	1
4	897658	897822	3	2	0	1	879	11.297130	0.000000	999.414124	4
2	896446	898252	3	2	0	0	878	11.297130	0.000000	999.864075	2
3	895691	897791	3	2	0	1	876	11.297130	0.000000	999.382385	4
3	896446	897804	3	2	0	0	878	11.297130	0.000000	999.396729	3
1	895748	898360	3	2	0	0	880	11.297130	0.000000	999.993042	1
6	897703	898056	3	2	0	0	877	11.297130	0.000000	999.647339	6
0	897086	898014	3	2	0	1	878	11.297130	0.000000	999.607422	10
12	895748	897827	3	2	0	1	880	11.297130	0.000000	999.419312	13
15	895912	897771	3	2	0	1	877	11.297130	0.000000	999.360107	15
2	897106	898273	3	2	0	0	881	11.297130	0.000000	999.896667	2
2	896738	898015	3	2	0	1	882	11.297130	0.000000	999.607727	2
1	897417	898103	3	2	0	0	881	11.297130	0.000000	999.695801	1
2	897673	897799	3	2	0	1	879	11.297130	0.000000	999.394714	3
1	897799	897973	3	2	0	0	880	11.297130	0.000000	999.561462	1
2	897781	898292	3	2	0	0	881	11.297130	0.000000	999.920288	2
1	897106	898361	3	2	0	0	881	11.297130	0.000000	999.993652	1
1	895874	898369	3	2	0	0	883	11.297130	0.000000	999.997559	1
6	898227	898246	3	2	0	0	881	11.297130	0.000000	999.851562	6
1	897793	898241	3	2	0	0	882	11.297130	0.000000	999.848694	1
2	898146	898299	3	2	0	0	881	11.297130	0.000000	999.924561	2
1	896738	898339	3	2	0	0	882	11.297130	0.000000	999.963440	1
5	897524	898118	3	2	0	0	880	11.297130	0.000000	999.716125	5
4	897815	898096	3	2	0	1	881	11.297130	0.000000	999.686646	5
9	897316	897845	3	2	0	1	877	11.297130	0.000000	999.438171	10
0	897980	897981	3	2	0	1	879	11.297130	0.000000	999.569092	1
1	897149	897847	3	2	0	1	879	11.297130	0.000000	999.438782	6
1	896446	898290	3	2	0	0	878	11.297130	0.000000	999.919250	1
1	897868	898370	3	2	0	0	885	11.297130	0.000000	999.999390	1
1	898126	898328	3	2	0	0	878	11.297130	0.000000	999.951721	1
2	897086	897905	3	2	0	1	878	11.297130	0.000000	999.499146	2
1	895481	897877	3	2	0	1	876	11.297130	0.000000	999.475952	1
10	898014	898048	3	2	0	1	879	11.297130	0.000000	999.642883	10
0	897456	897980	3	2	0	1	878	11.297130	0.000000	999.568298	1
1	895912	898332	3	2	0	0	877	11.297130	0.000000	999.955444	1
2	898197	898280	3	2	0	0	882	11.297130	0.000000	999.904907	2
5	896347	898161	3	2	0	0	877	11.297130	0.000000	999.763916	5
4	897294	897889	3	2	0	1	881	11.297130	0.000000	999.482605	4
14	897781	898153	3	2	0	1	881	11.297130	0.000000	999.756531	14
1	896446	897904	3	2	0	1	878	11.297130	0.000000	999.496704	1
1	898278	898297	3	2	0	0	880	11.297130	0.000000	999.923645	1
2	897232	897900	3	2	0	0	881	11.297130	0.000000	999.493286	2
3	897781	898173	3	2	0	0	881	11.297130	0.000000	999.775696	3
3	897492	898100	3	2	0	0	881	11.297130	0.000000	999.690735	3
14	897230	897922	3	2	0	1	879	11.297130	0.000000	999.510864	14
4	897795	897934	3	2	0	1	880	11.297130	0.000000	999.525574	4
1	898165	898168	3	2	0	0	879	11.297130	0.000000	999.769836	1
1	897449	898283	3	2	0	0	882	11.297130	0.000000	999.909973	1
1	898146	898304	3	2	0	0	881	11.297130	0.000000	999.928345	1
5	897011	898061	3	2	0	1	878	11.297130	0.000000	999.652771	7
1	897198	898188	3	2	0	0	880	11.297130	0.000000	999.792480	1
1	896347	898003	3	2	0	0	877	11.297130	0.000000	999.596375	1
2	897338	897965	3	2	0	0	876	11.297130	0.000000	999.554260	2
2	898092	898185	3	2	0	1	882	11.297130	0.000000	999.789856	3
1	898053	898358	3	2	0	0	880	11.297130	0.000000	999.990417	1
0	896707	897976	3	2	0	1	884	11.297130	0.000000	999.565491	1
2	898057	898307	3	2	0	0	879	11.297130	0.000000	999.933167	2
1	897334	898098	3	2	0	0	877	11.297130	0.000000	999.688599	1
0	896944	898227	3	2	0	1	880	11.297130	0.000000	999.828918	6
1	897781	898025	3	2	0	0	881	11.297130	0.000000	999.616882	1
2	896347	898190	3	2	0	1	877	11.297130	0.000000	999.795166	5
2	896446	898301	3	2	0	0	878	11.297130	0.000000	999.926086	2
2	897564	898282	3	2	0	0	878	11.297130	0.000000	999.909668	2
3	895912	898067	3	2	0	1	877	11.297130	0.000000	999.658691	4
11	898131	898201	3	2	0	1	882	11.297130	0.000000	999.804688	11
4	897716	898132	3	2	0	1	880	11.297130	0.000000	999.728760	5
1	897387	898189	3	2	0	1	879	11.297130	0.000000	999.794373	3
4	897408	898265	3	2	0	0	883	11.297130	0.000000	999.878357	4
2	897086	898169	3	2	0	0	878	11.297130	0.000000	999.770386	2
4	898232	898302	3	2	0	0	881	11.297130	0.000000	999.926758	4
1	897232	898263	3	2	0	0	880	11.297130	0.000000	999.875854	1
6	897417	898131	3	2	0	1	881	11.297130	0.000000	999.728516	17
3	897086	898345	3	2	0	0	878	11.297130	0.000000	999.970703	3
2	896858	898286	3	2	0	0	876	11.297130	0.000000	999.912415	2
2	898270	898327	3	2	0	1	883	11.297130	0.000000	999.951660	3
0	897480	898107	3	2	0	1	881	11.297130	0.000000	999.700012	3
5	895979	898110	3	2	0	0	880	11.297130	0.000000	999.704163	5
1	897827	898308	3	2	0	0	881	11.297130	0.000000	999.933716	1
0	896858	898125	3	2	0	1	876	11.297130	0.000000	999.722473	8
1	897845	898343	3	2	0	0	878	11.297130	0.000000	999.968079	1
1	897781	898349	3	2	0	0	881	11.297130	0.000000	999.974121	1
1	898096	898359	3	2	0	0	882	11.297130	0.000000	999.992065	1
0	896446	898138	3	2	0	1	879	11.297130	0.000000	999.733215	1
1	895748	898322	3	2	0	1	880	11.297130	0.000000	999.943726	1
2	898061	898293	3	2	0	0	879	11.297130	0.000000	999.921265	2
2	897720	898323	3	2	0	0	879	11.297130	0.000000	999.943909	2
7	897149	898235	3	2	0	0	879	11.297130	0.000000	999.839355	7
0	896033	898278	3	2	0	1	879	11.297130	0.000000	999.903687	1
2	897868	898266	3	2	0	0	885	11.297130	0.000000	999.880005	2
1	897720	898191	3	2	0	0	879	11.297130	0.000000	999.795288	1
3	897821	898232	3	2	0	1	880	11.297130	0.000000	999.835327	7
1	897981	898242	3	2	0	0	880	11.297130	0.000000	999.850281	1
3	898064	898196	3	2	0	1	881	11.297130	0.000000	999.799683	3
1	898064	898197	3	2	0	1	881	11.297130	0.000000	999.799683	3
1	896266	898259	3	2	0	0	883	11.297130	0.000000	999.868347	1
2	897602	898200	3	2	0	0	878	11.297130	0.000000	999.802673	2
0	896347	898236	3	2	0	1	877	11.297130	0.000000	999.839844	3
1	897371	898258	3	2	0	0	882	11.297130	0.000000	999.868225	1
3	897821	898250	3	2	0	0	880	11.297130	0.000000	999.862305	3
4	897868	898244	3	2	0	1	885	11.297130	0.000000	999.850708	4
3	896524	898268	3	2	0	0	879	11.297130	0.000000	999.888672	3
1	897232	898215	3	2	0	0	880	11.297130	0.000000	999.815552	1
1	898138	898338	3	2	0	0	880	11.297130	0.000000	999.962463	1
5	897472	898220	3	2	0	1	881	11.297130	0.000000	999.821350	5
1	897716	898364	3	2	0	0	879	11.297130	0.000000	999.995300	1
2	898190	898226	3	2	0	1	878	11.297130	0.000000	999.828857	3
1	897449	898230	3	2	0	0	882	11.297130	0.000000	999.831177	1
1	897781	898231	3	2	0	0	881	11.297130	0.000000	999.831726	1
2	897472	898240	3	2	0	0	881	11.297130	0.000000	999.843445	2
1	897232	898363	3	2	0	0	880	11.297130	0.000000	999.995178	1
1	897673	898281	3	2	0	0	879	11.297130	0.000000	999.905884	1
1	896497	898303	3	2	0	0	876	11.297130	0.000000	999.928223	1
3	896497	898305	3	2	0	0	876	11.297130	0.000000	999.929932	3
1	897602	898306	3	2	0	0	878	11.297130	0.000000	999.930054	1
1	897417	898309	3	2	0	0	881	11.297130	0.000000	999.934509	1
2	897472	898312	3	2	0	0	881	11.297130	0.000000	999.937988	2
1	895874	898348	3	2	0	0	883	11.297130	0.000000	999.974060	1
2	897673	898315	3	2	0	0	879	11.297130	0.000000	999.938965	2
2	897564	898316	3	2	0	0	878	11.297130	0.000000	999.939392	2
1	897343	898318	3	2	0	0	880	11.297130	0.000000	999.941650	1
1	898185	898319	3	2	0	0	883	11.297130	0.000000	999.941650	1
1	897472	898320	3	2	0	0	881	11.297130	0.000000	999.942200	1
1	897564	898356	3	2	0	0	878	11.297130	0.000000	999.989563	1
1	896944	898357	3	2	0	0	880	11.297130	0.000000	999.989685	1
2	898189	898350	3	2	0	0	880	11.297130	0.000000	999.979797	2
1	898067	898353	3	2	0	0	878	11.297130	0.000000	999.984131	1
1	895874	898365	3	2	0	0	883	11.297130	0.000000	999.995361	1
1	897671	898366	3	2	0	0	878	11.297130	0.000000	999.995728	1
