Generation	Size	Frequency	Count
0.000000	1	1.000000	1
0.000000	2	2.000000	0
0.000000	3	3.000000	0
0.000000	4	4.000000	0
0.000000	5	5.000000	0
0.000000	6	6.000000	0
0.000000	7	7.000000	0
0.000000	8	8.000000	0
0.000000	9	9.000000	0
0.000000	10	10.000000	0
10.840543	1	0.001471	34
10.840543	2	0.002941	13
10.840543	3	0.004412	8
10.840543	4	0.005882	6
10.840543	5	0.007353	0
10.840543	6	0.008824	1
10.840543	7	0.010294	3
10.840543	8	0.011765	2
10.840543	9	0.013235	0
10.840543	10	0.014706	0
10.840543	207	0.304412	1
10.840543	227	0.333824	1
10.840543	62	0.091176	1
10.840543	15	0.022059	1
10.840543	18	0.026471	1
20.847744	1	0.000976	93
20.847744	2	0.001951	32
20.847744	3	0.002927	17
20.847744	4	0.003902	16
20.847744	5	0.004878	10
20.847744	6	0.005854	7
20.847744	7	0.006829	3
20.847744	8	0.007805	3
20.847744	9	0.008780	3
20.847744	10	0.009756	1
20.847744	124	0.120976	1
20.847744	153	0.149268	1
20.847744	54	0.052683	1
20.847744	13	0.012683	4
20.847744	28	0.027317	1
20.847744	14	0.013659	1
20.847744	12	0.011707	4
20.847744	11	0.010732	2
20.847744	18	0.017561	2
20.847744	16	0.015610	1
20.847744	17	0.016585	1
20.847744	15	0.014634	1
30.848183	1	0.000976	84
30.848183	2	0.001951	31
30.848183	3	0.002927	30
30.848183	4	0.003902	18
30.848183	5	0.004878	14
30.848183	6	0.005854	9
30.848183	7	0.006829	8
30.848183	8	0.007805	1
30.848183	9	0.008780	3
30.848183	10	0.009756	2
30.848183	25	0.024390	1
30.848183	21	0.020488	1
30.848183	15	0.014634	3
30.848183	36	0.035122	1
30.848183	18	0.017561	3
30.848183	12	0.011707	4
30.848183	13	0.012683	4
30.848183	17	0.016585	4
30.848183	30	0.029268	1
30.848183	16	0.015610	1
30.848183	43	0.041951	1
30.848183	11	0.010732	4
40.848648	1	0.000976	84
40.848648	2	0.001951	31
40.848648	3	0.002927	30
40.848648	4	0.003902	9
40.848648	5	0.004878	8
40.848648	6	0.005854	12
40.848648	7	0.006829	9
40.848648	8	0.007805	6
40.848648	9	0.008780	8
40.848648	10	0.009756	5
40.848648	13	0.012683	2
40.848648	19	0.018537	2
40.848648	16	0.015610	2
40.848648	11	0.010732	2
40.848648	37	0.036098	1
40.848648	20	0.019512	1
40.848648	59	0.057561	1
40.848648	12	0.011707	2
40.848648	21	0.020488	1
40.848648	18	0.017561	2
40.848648	15	0.014634	1
40.848648	27	0.026341	1
40.848648	22	0.021463	1
40.848648	29	0.028293	1
50.849186	1	0.000976	77
50.849186	2	0.001951	45
50.849186	3	0.002927	28
50.849186	4	0.003902	16
50.849186	5	0.004878	4
50.849186	6	0.005854	5
50.849186	7	0.006829	8
50.849186	8	0.007805	5
50.849186	9	0.008780	7
50.849186	10	0.009756	5
50.849186	21	0.020488	1
50.849186	28	0.027317	1
50.849186	13	0.012683	1
50.849186	14	0.013659	5
50.849186	16	0.015610	1
50.849186	22	0.021463	1
50.849186	26	0.025366	1
50.849186	29	0.028293	1
50.849186	12	0.011707	5
50.849186	43	0.041951	1
50.849186	11	0.010732	4
50.849186	15	0.014634	1
50.849186	47	0.045854	1
50.849186	17	0.016585	1
60.849747	1	0.000976	95
60.849747	2	0.001951	34
60.849747	3	0.002927	30
60.849747	4	0.003902	9
60.849747	5	0.004878	20
60.849747	6	0.005854	5
60.849747	7	0.006829	7
60.849747	8	0.007805	5
60.849747	9	0.008780	4
60.849747	10	0.009756	2
60.849747	18	0.017561	2
60.849747	16	0.015610	4
60.849747	12	0.011707	3
60.849747	27	0.026341	1
60.849747	11	0.010732	3
60.849747	25	0.024390	1
60.849747	17	0.016585	2
60.849747	29	0.028293	1
60.849747	31	0.030244	1
60.849747	33	0.032195	1
60.849747	21	0.020488	1
60.849747	34	0.033171	1
60.849747	30	0.029268	1
60.849747	15	0.014634	1
60.849747	13	0.012683	1
70.850159	1	0.000976	74
70.850159	2	0.001951	42
70.850159	3	0.002927	21
70.850159	4	0.003902	21
70.850159	5	0.004878	11
70.850159	6	0.005854	4
70.850159	7	0.006829	4
70.850159	8	0.007805	4
70.850159	9	0.008780	2
70.850159	10	0.009756	10
70.850159	16	0.015610	2
70.850159	20	0.019512	1
70.850159	14	0.013659	3
70.850159	28	0.027317	1
70.850159	23	0.022439	2
70.850159	15	0.014634	4
70.850159	13	0.012683	2
70.850159	27	0.026341	1
70.850159	26	0.025366	2
70.850159	11	0.010732	4
70.850159	21	0.020488	1
70.850159	18	0.017561	2
70.850159	12	0.011707	1
70.850159	17	0.016585	1
80.851204	1	0.000976	83
80.851204	2	0.001951	39
80.851204	3	0.002927	26
80.851204	4	0.003902	13
80.851204	5	0.004878	8
80.851204	6	0.005854	8
80.851204	7	0.006829	8
80.851204	8	0.007805	5
80.851204	9	0.008780	5
80.851204	10	0.009756	4
80.851204	30	0.029268	1
80.851204	29	0.028293	1
80.851204	59	0.057561	1
80.851204	19	0.018537	2
80.851204	12	0.011707	2
80.851204	57	0.055610	1
80.851204	23	0.022439	2
80.851204	21	0.020488	1
80.851204	11	0.010732	4
80.851204	22	0.021463	1
80.851204	27	0.026341	1
80.851204	20	0.019512	1
80.851204	17	0.016585	1
80.851204	13	0.012683	1
80.851204	18	0.017561	1
90.851692	1	0.000976	80
90.851692	2	0.001951	44
90.851692	3	0.002927	27
90.851692	4	0.003902	14
90.851692	5	0.004878	16
90.851692	6	0.005854	13
90.851692	7	0.006829	6
90.851692	8	0.007805	3
90.851692	9	0.008780	5
90.851692	10	0.009756	5
90.851692	16	0.015610	3
90.851692	29	0.028293	1
90.851692	12	0.011707	3
90.851692	17	0.016585	2
90.851692	14	0.013659	4
90.851692	13	0.012683	4
90.851692	24	0.023415	1
90.851692	23	0.022439	1
90.851692	20	0.019512	1
90.851692	11	0.010732	2
90.851692	21	0.020488	2
90.851692	15	0.014634	1
100.852524	1	0.000976	69
100.852524	2	0.001951	29
100.852524	3	0.002927	18
100.852524	4	0.003902	14
100.852524	5	0.004878	12
100.852524	6	0.005854	9
100.852524	7	0.006829	7
100.852524	8	0.007805	4
100.852524	9	0.008780	7
100.852524	10	0.009756	7
100.852524	19	0.018537	2
100.852524	22	0.021463	2
100.852524	13	0.012683	5
100.852524	21	0.020488	2
100.852524	23	0.022439	2
100.852524	12	0.011707	3
100.852524	17	0.016585	1
100.852524	31	0.030244	2
100.852524	16	0.015610	1
100.852524	32	0.031220	1
100.852524	20	0.019512	2
100.852524	11	0.010732	2
110.852966	1	0.000976	68
110.852966	2	0.001951	33
110.852966	3	0.002927	26
110.852966	4	0.003902	16
110.852966	5	0.004878	13
110.852966	6	0.005854	3
110.852966	7	0.006829	6
110.852966	8	0.007805	14
110.852966	9	0.008780	3
110.852966	10	0.009756	6
110.852966	25	0.024390	1
110.852966	11	0.010732	5
110.852966	18	0.017561	2
110.852966	21	0.020488	1
110.852966	24	0.023415	2
110.852966	15	0.014634	1
110.852966	13	0.012683	2
110.852966	26	0.025366	1
110.852966	30	0.029268	1
110.852966	14	0.013659	2
110.852966	17	0.016585	1
110.852966	12	0.011707	1
110.852966	16	0.015610	4
110.852966	22	0.021463	1
120.853157	1	0.000976	72
120.853157	2	0.001951	42
120.853157	3	0.002927	22
120.853157	4	0.003902	18
120.853157	5	0.004878	9
120.853157	6	0.005854	9
120.853157	7	0.006829	6
120.853157	8	0.007805	4
120.853157	9	0.008780	6
120.853157	10	0.009756	7
120.853157	70	0.068293	1
120.853157	35	0.034146	1
120.853157	20	0.019512	2
120.853157	16	0.015610	2
120.853157	12	0.011707	3
120.853157	13	0.012683	5
120.853157	14	0.013659	1
120.853157	18	0.017561	2
120.853157	11	0.010732	1
120.853157	26	0.025366	1
120.853157	15	0.014634	2
120.853157	22	0.021463	1
120.853157	17	0.016585	1
130.853546	1	0.000976	80
130.853546	2	0.001951	31
130.853546	3	0.002927	20
130.853546	4	0.003902	16
130.853546	5	0.004878	11
130.853546	6	0.005854	8
130.853546	7	0.006829	4
130.853546	8	0.007805	6
130.853546	9	0.008780	4
130.853546	10	0.009756	2
130.853546	16	0.015610	4
130.853546	11	0.010732	3
130.853546	18	0.017561	3
130.853546	44	0.042927	1
130.853546	37	0.036098	1
130.853546	15	0.014634	1
130.853546	22	0.021463	2
130.853546	12	0.011707	3
130.853546	29	0.028293	1
130.853546	13	0.012683	1
130.853546	24	0.023415	1
130.853546	20	0.019512	1
130.853546	17	0.016585	1
130.853546	39	0.038049	1
130.853546	41	0.040000	1
130.853546	14	0.013659	1
140.853638	1	0.000976	75
140.853638	2	0.001951	32
140.853638	3	0.002927	24
140.853638	4	0.003902	18
140.853638	5	0.004878	19
140.853638	6	0.005854	8
140.853638	7	0.006829	5
140.853638	8	0.007805	5
140.853638	9	0.008780	5
140.853638	10	0.009756	3
140.853638	35	0.034146	1
140.853638	38	0.037073	1
140.853638	19	0.018537	1
140.853638	14	0.013659	1
140.853638	18	0.017561	1
140.853638	11	0.010732	2
140.853638	47	0.045854	1
140.853638	71	0.069268	1
140.853638	27	0.026341	1
140.853638	16	0.015610	3
140.853638	60	0.058537	1
140.853638	12	0.011707	2
140.853638	13	0.012683	2
150.853806	1	0.000976	79
150.853806	2	0.001951	29
150.853806	3	0.002927	25
150.853806	4	0.003902	19
150.853806	5	0.004878	15
150.853806	6	0.005854	7
150.853806	7	0.006829	10
150.853806	8	0.007805	8
150.853806	9	0.008780	6
150.853806	10	0.009756	5
150.853806	53	0.051707	1
150.853806	27	0.026341	1
150.853806	14	0.013659	2
150.853806	19	0.018537	1
150.853806	55	0.053659	1
150.853806	22	0.021463	1
150.853806	16	0.015610	3
150.853806	35	0.034146	1
150.853806	26	0.025366	1
150.853806	17	0.016585	2
150.853806	12	0.011707	2
150.853806	11	0.010732	1
160.854095	1	0.000977	54
160.854095	2	0.001953	33
160.854095	3	0.002930	22
160.854095	4	0.003906	18
160.854095	5	0.004883	5
160.854095	6	0.005859	12
160.854095	7	0.006836	6
160.854095	8	0.007812	9
160.854095	9	0.008789	5
160.854095	10	0.009766	8
160.854095	12	0.011719	6
160.854095	20	0.019531	1
160.854095	27	0.026367	1
160.854095	47	0.045898	1
160.854095	24	0.023438	2
160.854095	14	0.013672	1
160.854095	16	0.015625	2
160.854095	17	0.016602	1
160.854095	51	0.049805	1
160.854095	13	0.012695	5
160.854095	19	0.018555	1
160.854095	18	0.017578	1
170.854477	1	0.000976	72
170.854477	2	0.001951	40
170.854477	3	0.002927	23
170.854477	4	0.003902	12
170.854477	5	0.004878	11
170.854477	6	0.005854	13
170.854477	7	0.006829	5
170.854477	8	0.007805	4
170.854477	9	0.008780	0
170.854477	10	0.009756	5
170.854477	34	0.033171	2
170.854477	12	0.011707	3
170.854477	19	0.018537	2
170.854477	27	0.026341	2
170.854477	29	0.028293	1
170.854477	11	0.010732	7
170.854477	26	0.025366	1
170.854477	14	0.013659	1
170.854477	16	0.015610	1
170.854477	23	0.022439	1
170.854477	21	0.020488	1
170.854477	13	0.012683	2
170.854477	41	0.040000	1
170.854477	17	0.016585	1
170.854477	20	0.019512	1
180.854691	1	0.000976	79
180.854691	2	0.001951	35
180.854691	3	0.002927	22
180.854691	4	0.003902	10
180.854691	5	0.004878	12
180.854691	6	0.005854	10
180.854691	7	0.006829	7
180.854691	8	0.007805	3
180.854691	9	0.008780	8
180.854691	10	0.009756	4
180.854691	12	0.011707	4
180.854691	16	0.015610	4
180.854691	41	0.040000	1
180.854691	15	0.014634	3
180.854691	21	0.020488	1
180.854691	19	0.018537	5
180.854691	13	0.012683	3
180.854691	14	0.013659	2
180.854691	20	0.019512	1
180.854691	11	0.010732	2
180.854691	25	0.024390	1
180.854691	17	0.016585	1
190.855057	1	0.000976	85
190.855057	2	0.001951	35
190.855057	3	0.002927	24
190.855057	4	0.003902	12
190.855057	5	0.004878	17
190.855057	6	0.005854	10
190.855057	7	0.006829	6
190.855057	8	0.007805	4
190.855057	9	0.008780	6
190.855057	10	0.009756	3
190.855057	32	0.031220	1
190.855057	22	0.021463	1
190.855057	28	0.027317	1
190.855057	25	0.024390	1
190.855057	14	0.013659	2
190.855057	11	0.010732	2
190.855057	18	0.017561	2
190.855057	13	0.012683	5
190.855057	17	0.016585	1
190.855057	20	0.019512	1
190.855057	16	0.015610	4
190.855057	21	0.020488	2
190.855057	19	0.018537	1
190.855057	15	0.014634	1
190.855057	12	0.011707	1
200.855331	1	0.000976	73
200.855331	2	0.001951	36
200.855331	3	0.002927	15
200.855331	4	0.003902	16
200.855331	5	0.004878	12
200.855331	6	0.005854	8
200.855331	7	0.006829	8
200.855331	8	0.007805	3
200.855331	9	0.008780	3
200.855331	10	0.009756	1
200.855331	51	0.049756	1
200.855331	29	0.028293	1
200.855331	17	0.016585	1
200.855331	14	0.013659	3
200.855331	23	0.022439	2
200.855331	21	0.020488	2
200.855331	39	0.038049	1
200.855331	20	0.019512	2
200.855331	15	0.014634	1
200.855331	32	0.031220	1
200.855331	13	0.012683	4
200.855331	12	0.011707	3
200.855331	11	0.010732	1
200.855331	16	0.015610	1
200.855331	34	0.033171	1
200.855331	18	0.017561	1
200.855331	26	0.025366	1
210.855560	1	0.000977	79
210.855560	2	0.001953	31
210.855560	3	0.002930	21
210.855560	4	0.003906	15
210.855560	5	0.004883	16
210.855560	6	0.005859	5
210.855560	7	0.006836	4
210.855560	8	0.007812	9
210.855560	9	0.008789	2
210.855560	10	0.009766	5
210.855560	30	0.029297	1
210.855560	12	0.011719	3
210.855560	21	0.020508	2
210.855560	14	0.013672	2
210.855560	16	0.015625	2
210.855560	11	0.010742	3
210.855560	17	0.016602	2
210.855560	27	0.026367	2
210.855560	56	0.054688	1
210.855560	49	0.047852	1
210.855560	24	0.023438	1
210.855560	18	0.017578	1
210.855560	15	0.014648	1
210.855560	31	0.030273	1
220.855911	1	0.000976	80
220.855911	2	0.001951	28
220.855911	3	0.002927	26
220.855911	4	0.003902	20
220.855911	5	0.004878	17
220.855911	6	0.005854	7
220.855911	7	0.006829	5
220.855911	8	0.007805	9
220.855911	9	0.008780	4
220.855911	10	0.009756	4
220.855911	12	0.011707	3
220.855911	16	0.015610	3
220.855911	27	0.026341	1
220.855911	20	0.019512	3
220.855911	18	0.017561	1
220.855911	11	0.010732	4
220.855911	34	0.033171	1
220.855911	14	0.013659	2
220.855911	13	0.012683	3
220.855911	21	0.020488	1
220.855911	36	0.035122	1
220.855911	15	0.014634	2
230.856201	1	0.000976	92
230.856201	2	0.001951	29
230.856201	3	0.002927	19
230.856201	4	0.003902	14
230.856201	5	0.004878	10
230.856201	6	0.005854	3
230.856201	7	0.006829	9
230.856201	8	0.007805	6
230.856201	9	0.008780	8
230.856201	10	0.009756	4
230.856201	18	0.017561	2
230.856201	13	0.012683	4
230.856201	49	0.047805	1
230.856201	15	0.014634	1
230.856201	30	0.029268	1
230.856201	12	0.011707	2
230.856201	32	0.031220	1
230.856201	31	0.030244	1
230.856201	17	0.016585	3
230.856201	23	0.022439	1
230.856201	11	0.010732	2
230.856201	16	0.015610	3
230.856201	24	0.023415	1
230.856201	20	0.019512	1
230.856201	14	0.013659	1
240.856537	1	0.000976	81
240.856537	2	0.001951	38
240.856537	3	0.002927	19
240.856537	4	0.003902	8
240.856537	5	0.004878	18
240.856537	6	0.005854	16
240.856537	7	0.006829	5
240.856537	8	0.007805	5
240.856537	9	0.008780	3
240.856537	10	0.009756	5
240.856537	26	0.025366	1
240.856537	25	0.024390	1
240.856537	21	0.020488	1
240.856537	15	0.014634	2
240.856537	29	0.028293	1
240.856537	12	0.011707	2
240.856537	16	0.015610	4
240.856537	11	0.010732	3
240.856537	33	0.032195	1
240.856537	14	0.013659	3
240.856537	13	0.012683	2
240.856537	17	0.016585	1
240.856537	19	0.018537	1
240.856537	34	0.033171	1
240.856537	18	0.017561	1
250.856873	1	0.000976	86
250.856873	2	0.001951	40
250.856873	3	0.002927	20
250.856873	4	0.003902	11
250.856873	5	0.004878	7
250.856873	6	0.005854	14
250.856873	7	0.006829	10
250.856873	8	0.007805	7
250.856873	9	0.008780	2
250.856873	10	0.009756	5
250.856873	30	0.029268	1
250.856873	15	0.014634	3
250.856873	16	0.015610	3
250.856873	13	0.012683	3
250.856873	11	0.010732	1
250.856873	29	0.028293	1
250.856873	22	0.021463	2
250.856873	12	0.011707	3
250.856873	17	0.016585	1
250.856873	24	0.023415	2
250.856873	25	0.024390	1
250.856873	19	0.018537	2
250.856873	18	0.017561	1
250.856873	14	0.013659	1
260.857208	1	0.000976	84
260.857208	2	0.001951	37
260.857208	3	0.002927	17
260.857208	4	0.003902	18
260.857208	5	0.004878	10
260.857208	6	0.005854	6
260.857208	7	0.006829	4
260.857208	8	0.007805	2
260.857208	9	0.008780	5
260.857208	10	0.009756	5
260.857208	31	0.030244	2
260.857208	26	0.025366	2
260.857208	22	0.021463	2
260.857208	20	0.019512	1
260.857208	11	0.010732	6
260.857208	19	0.018537	3
260.857208	14	0.013659	3
260.857208	17	0.016585	1
260.857208	16	0.015610	1
260.857208	50	0.048780	1
260.857208	27	0.026341	1
260.857208	13	0.012683	2
260.857208	28	0.027317	1
260.857208	12	0.011707	1
270.857666	1	0.000976	105
270.857666	2	0.001951	37
270.857666	3	0.002927	16
270.857666	4	0.003902	21
270.857666	5	0.004878	6
270.857666	6	0.005854	7
270.857666	7	0.006829	5
270.857666	8	0.007805	4
270.857666	9	0.008780	3
270.857666	10	0.009756	5
270.857666	19	0.018537	1
270.857666	37	0.036098	1
270.857666	53	0.051707	1
270.857666	50	0.048780	1
270.857666	11	0.010732	6
270.857666	13	0.012683	6
270.857666	26	0.025366	1
270.857666	12	0.011707	1
270.857666	29	0.028293	1
270.857666	14	0.013659	1
270.857666	18	0.017561	1
270.857666	21	0.020488	1
270.857666	17	0.016585	2
270.857666	16	0.015610	1
270.857666	25	0.024390	1
280.857941	1	0.000976	98
280.857941	2	0.001951	35
280.857941	3	0.002927	22
280.857941	4	0.003902	20
280.857941	5	0.004878	11
280.857941	6	0.005854	10
280.857941	7	0.006829	7
280.857941	8	0.007805	5
280.857941	9	0.008780	3
280.857941	10	0.009756	2
280.857941	18	0.017561	2
280.857941	44	0.042927	1
280.857941	24	0.023415	1
280.857941	23	0.022439	1
280.857941	14	0.013659	4
280.857941	12	0.011707	3
280.857941	13	0.012683	3
280.857941	11	0.010732	3
280.857941	17	0.016585	1
280.857941	26	0.025366	2
280.857941	16	0.015610	2
280.857941	20	0.019512	1
280.857941	19	0.018537	1
280.857941	29	0.028293	1
290.858093	1	0.000976	78
290.858093	2	0.001951	42
290.858093	3	0.002927	19
290.858093	4	0.003902	14
290.858093	5	0.004878	11
290.858093	6	0.005854	10
290.858093	7	0.006829	4
290.858093	8	0.007805	4
290.858093	9	0.008780	4
290.858093	10	0.009756	3
290.858093	17	0.016585	3
290.858093	21	0.020488	3
290.858093	14	0.013659	5
290.858093	13	0.012683	6
290.858093	28	0.027317	1
290.858093	33	0.032195	1
290.858093	12	0.011707	6
290.858093	11	0.010732	2
290.858093	36	0.035122	1
290.858093	20	0.019512	1
290.858093	18	0.017561	2
300.858368	1	0.000976	80
300.858368	2	0.001951	44
300.858368	3	0.002927	19
300.858368	4	0.003902	15
300.858368	5	0.004878	6
300.858368	6	0.005854	10
300.858368	7	0.006829	6
300.858368	8	0.007805	5
300.858368	9	0.008780	4
300.858368	10	0.009756	5
300.858368	30	0.029268	2
300.858368	34	0.033171	2
300.858368	13	0.012683	4
300.858368	14	0.013659	5
300.858368	47	0.045854	1
300.858368	31	0.030244	1
300.858368	12	0.011707	2
300.858368	22	0.021463	1
300.858368	18	0.017561	1
300.858368	17	0.016585	1
300.858368	16	0.015610	2
300.858368	19	0.018537	1
300.858368	11	0.010732	2
310.858673	1	0.000977	74
310.858673	2	0.001953	26
310.858673	3	0.002930	30
310.858673	4	0.003906	21
310.858673	5	0.004883	10
310.858673	6	0.005859	5
310.858673	7	0.006836	7
310.858673	8	0.007812	6
310.858673	9	0.008789	9
310.858673	10	0.009766	3
310.858673	18	0.017578	1
310.858673	11	0.010742	5
310.858673	16	0.015625	2
310.858673	25	0.024414	1
310.858673	28	0.027344	1
310.858673	42	0.041016	1
310.858673	22	0.021484	1
310.858673	15	0.014648	3
310.858673	21	0.020508	2
310.858673	34	0.033203	1
310.858673	12	0.011719	4
310.858673	14	0.013672	2
310.858673	17	0.016602	1
320.858856	1	0.000975	80
320.858856	2	0.001949	36
320.858856	3	0.002924	22
320.858856	4	0.003899	11
320.858856	5	0.004873	14
320.858856	6	0.005848	9
320.858856	7	0.006823	5
320.858856	8	0.007797	5
320.858856	9	0.008772	4
320.858856	10	0.009747	5
320.858856	37	0.036062	1
320.858856	19	0.018519	6
320.858856	17	0.016569	1
320.858856	11	0.010721	4
320.858856	16	0.015595	1
320.858856	23	0.022417	1
320.858856	12	0.011696	2
320.858856	14	0.013645	1
320.858856	15	0.014620	1
320.858856	22	0.021442	2
320.858856	20	0.019493	1
320.858856	18	0.017544	2
320.858856	25	0.024366	1
320.858856	13	0.012671	2
320.858856	24	0.023392	1
330.859283	1	0.000976	75
330.859283	2	0.001951	37
330.859283	3	0.002927	26
330.859283	4	0.003902	13
330.859283	5	0.004878	12
330.859283	6	0.005854	4
330.859283	7	0.006829	8
330.859283	8	0.007805	2
330.859283	9	0.008780	7
330.859283	10	0.009756	7
330.859283	15	0.014634	1
330.859283	20	0.019512	3
330.859283	47	0.045854	1
330.859283	17	0.016585	1
330.859283	13	0.012683	6
330.859283	23	0.022439	1
330.859283	37	0.036098	2
330.859283	55	0.053659	1
330.859283	21	0.020488	1
330.859283	18	0.017561	1
330.859283	11	0.010732	1
330.859283	12	0.011707	2
330.859283	14	0.013659	1
340.859467	1	0.000976	84
340.859467	2	0.001951	37
340.859467	3	0.002927	36
340.859467	4	0.003902	12
340.859467	5	0.004878	10
340.859467	6	0.005854	9
340.859467	7	0.006829	8
340.859467	8	0.007805	6
340.859467	9	0.008780	3
340.859467	10	0.009756	1
340.859467	12	0.011707	2
340.859467	25	0.024390	2
340.859467	14	0.013659	4
340.859467	42	0.040976	1
340.859467	17	0.016585	2
340.859467	21	0.020488	1
340.859467	11	0.010732	5
340.859467	20	0.019512	1
340.859467	29	0.028293	1
340.859467	18	0.017561	1
340.859467	13	0.012683	4
340.859467	35	0.034146	1
340.859467	15	0.014634	2
350.859833	1	0.000976	61
350.859833	2	0.001951	29
350.859833	3	0.002927	29
350.859833	4	0.003902	18
350.859833	5	0.004878	10
350.859833	6	0.005854	10
350.859833	7	0.006829	7
350.859833	8	0.007805	5
350.859833	9	0.008780	7
350.859833	10	0.009756	5
350.859833	103	0.100488	1
350.859833	38	0.037073	1
350.859833	14	0.013659	3
350.859833	19	0.018537	1
350.859833	15	0.014634	1
350.859833	22	0.021463	1
350.859833	28	0.027317	1
350.859833	20	0.019512	2
350.859833	16	0.015610	1
350.859833	24	0.023415	1
350.859833	12	0.011707	2
350.859833	25	0.024390	1
350.859833	17	0.016585	1
350.859833	11	0.010732	2
360.860046	1	0.000976	77
360.860046	2	0.001951	33
360.860046	3	0.002927	23
360.860046	4	0.003902	17
360.860046	5	0.004878	14
360.860046	6	0.005854	3
360.860046	7	0.006829	8
360.860046	8	0.007805	7
360.860046	9	0.008780	4
360.860046	10	0.009756	3
360.860046	23	0.022439	1
360.860046	45	0.043902	1
360.860046	39	0.038049	1
360.860046	20	0.019512	4
360.860046	30	0.029268	1
360.860046	14	0.013659	2
360.860046	11	0.010732	3
360.860046	33	0.032195	1
360.860046	12	0.011707	1
360.860046	42	0.040976	1
360.860046	29	0.028293	1
360.860046	13	0.012683	4
360.860046	15	0.014634	1
360.860046	18	0.017561	1
370.860474	1	0.000976	84
370.860474	2	0.001951	38
370.860474	3	0.002927	18
370.860474	4	0.003902	18
370.860474	5	0.004878	8
370.860474	6	0.005854	12
370.860474	7	0.006829	7
370.860474	8	0.007805	8
370.860474	9	0.008780	3
370.860474	10	0.009756	1
370.860474	11	0.010732	3
370.860474	24	0.023415	1
370.860474	12	0.011707	2
370.860474	16	0.015610	1
370.860474	21	0.020488	2
370.860474	17	0.016585	3
370.860474	52	0.050732	1
370.860474	38	0.037073	1
370.860474	22	0.021463	2
370.860474	33	0.032195	1
370.860474	15	0.014634	3
370.860474	14	0.013659	2
370.860474	19	0.018537	1
370.860474	28	0.027317	1
380.860809	1	0.000976	65
380.860809	2	0.001951	43
380.860809	3	0.002927	22
380.860809	4	0.003902	19
380.860809	5	0.004878	13
380.860809	6	0.005854	6
380.860809	7	0.006829	10
380.860809	8	0.007805	2
380.860809	9	0.008780	3
380.860809	10	0.009756	4
380.860809	20	0.019512	2
380.860809	22	0.021463	1
380.860809	28	0.027317	1
380.860809	13	0.012683	2
380.860809	23	0.022439	1
380.860809	36	0.035122	1
380.860809	27	0.026341	1
380.860809	21	0.020488	3
380.860809	11	0.010732	3
380.860809	35	0.034146	1
380.860809	16	0.015610	1
380.860809	15	0.014634	2
380.860809	25	0.024390	1
380.860809	14	0.013659	1
380.860809	30	0.029268	1
380.860809	12	0.011707	1
380.860809	18	0.017561	1
390.861023	1	0.000976	77
390.861023	2	0.001951	37
390.861023	3	0.002927	21
390.861023	4	0.003902	19
390.861023	5	0.004878	12
390.861023	6	0.005854	5
390.861023	7	0.006829	3
390.861023	8	0.007805	7
390.861023	9	0.008780	6
390.861023	10	0.009756	6
390.861023	39	0.038049	1
390.861023	21	0.020488	1
390.861023	11	0.010732	4
390.861023	26	0.025366	1
390.861023	41	0.040000	1
390.861023	15	0.014634	2
390.861023	14	0.013659	1
390.861023	35	0.034146	1
390.861023	43	0.041951	1
390.861023	22	0.021463	1
390.861023	17	0.016585	1
390.861023	18	0.017561	1
390.861023	19	0.018537	2
390.861023	13	0.012683	2
390.861023	12	0.011707	2
390.861023	16	0.015610	1
400.861450	1	0.000976	84
400.861450	2	0.001951	42
400.861450	3	0.002927	24
400.861450	4	0.003902	13
400.861450	5	0.004878	13
400.861450	6	0.005854	12
400.861450	7	0.006829	9
400.861450	8	0.007805	9
400.861450	9	0.008780	7
400.861450	10	0.009756	1
400.861450	35	0.034146	1
400.861450	20	0.019512	1
400.861450	11	0.010732	3
400.861450	15	0.014634	1
400.861450	13	0.012683	1
400.861450	12	0.011707	2
400.861450	16	0.015610	4
400.861450	27	0.026341	1
400.861450	19	0.018537	1
400.861450	31	0.030244	1
400.861450	28	0.027317	1
400.861450	43	0.041951	1
400.861450	18	0.017561	2
410.861694	1	0.000976	72
410.861694	2	0.001951	36
410.861694	3	0.002927	29
410.861694	4	0.003902	19
410.861694	5	0.004878	8
410.861694	6	0.005854	11
410.861694	7	0.006829	2
410.861694	8	0.007805	5
410.861694	9	0.008780	2
410.861694	10	0.009756	4
410.861694	26	0.025366	3
410.861694	18	0.017561	1
410.861694	12	0.011707	3
410.861694	34	0.033171	2
410.861694	44	0.042927	1
410.861694	13	0.012683	2
410.861694	39	0.038049	1
410.861694	11	0.010732	4
410.861694	27	0.026341	1
410.861694	14	0.013659	2
410.861694	22	0.021463	1
410.861694	23	0.022439	1
410.861694	31	0.030244	1
410.861694	16	0.015610	1
420.861938	1	0.000977	79
420.861938	2	0.001953	35
420.861938	3	0.002930	29
420.861938	4	0.003906	19
420.861938	5	0.004883	12
420.861938	6	0.005859	12
420.861938	7	0.006836	8
420.861938	8	0.007812	6
420.861938	9	0.008789	4
420.861938	10	0.009766	0
420.861938	62	0.060547	1
420.861938	15	0.014648	2
420.861938	11	0.010742	8
420.861938	28	0.027344	2
420.861938	12	0.011719	3
420.861938	16	0.015625	2
420.861938	30	0.029297	1
420.861938	22	0.021484	2
420.861938	14	0.013672	1
420.861938	21	0.020508	1
420.861938	27	0.026367	1
430.862183	1	0.000976	73
430.862183	2	0.001951	32
430.862183	3	0.002927	28
430.862183	4	0.003902	20
430.862183	5	0.004878	10
430.862183	6	0.005854	10
430.862183	7	0.006829	11
430.862183	8	0.007805	6
430.862183	9	0.008780	3
430.862183	10	0.009756	7
430.862183	23	0.022439	1
430.862183	19	0.018537	2
430.862183	15	0.014634	4
430.862183	13	0.012683	2
430.862183	30	0.029268	1
430.862183	25	0.024390	1
430.862183	12	0.011707	4
430.862183	11	0.010732	2
430.862183	45	0.043902	1
430.862183	17	0.016585	1
430.862183	14	0.013659	3
430.862183	16	0.015610	1
440.862762	1	0.000976	82
440.862762	2	0.001951	30
440.862762	3	0.002927	23
440.862762	4	0.003902	11
440.862762	5	0.004878	5
440.862762	6	0.005854	6
440.862762	7	0.006829	9
440.862762	8	0.007805	6
440.862762	9	0.008780	6
440.862762	10	0.009756	5
440.862762	35	0.034146	3
440.862762	15	0.014634	2
440.862762	16	0.015610	3
440.862762	25	0.024390	1
440.862762	11	0.010732	5
440.862762	26	0.025366	1
440.862762	13	0.012683	3
440.862762	12	0.011707	3
440.862762	33	0.032195	1
440.862762	22	0.021463	2
440.862762	18	0.017561	2
440.862762	17	0.016585	1
450.863007	1	0.000976	63
450.863007	2	0.001951	29
450.863007	3	0.002927	22
450.863007	4	0.003902	13
450.863007	5	0.004878	9
450.863007	6	0.005854	10
450.863007	7	0.006829	11
450.863007	8	0.007805	7
450.863007	9	0.008780	5
450.863007	10	0.009756	4
450.863007	11	0.010732	5
450.863007	45	0.043902	1
450.863007	16	0.015610	3
450.863007	40	0.039024	1
450.863007	12	0.011707	6
450.863007	13	0.012683	4
450.863007	14	0.013659	4
450.863007	24	0.023415	1
450.863007	30	0.029268	1
450.863007	18	0.017561	1
450.863007	23	0.022439	1
460.863403	1	0.000976	88
460.863403	2	0.001951	26
460.863403	3	0.002927	32
460.863403	4	0.003902	13
460.863403	5	0.004878	11
460.863403	6	0.005854	6
460.863403	7	0.006829	2
460.863403	8	0.007805	2
460.863403	9	0.008780	1
460.863403	10	0.009756	3
460.863403	13	0.012683	4
460.863403	17	0.016585	2
460.863403	49	0.047805	1
460.863403	30	0.029268	1
460.863403	19	0.018537	2
460.863403	16	0.015610	1
460.863403	12	0.011707	5
460.863403	48	0.046829	1
460.863403	21	0.020488	1
460.863403	14	0.013659	2
460.863403	26	0.025366	1
460.863403	15	0.014634	2
460.863403	32	0.031220	1
460.863403	25	0.024390	1
460.863403	23	0.022439	1
460.863403	36	0.035122	1
460.863403	18	0.017561	1
460.863403	11	0.010732	1
470.863739	1	0.000976	88
470.863739	2	0.001951	32
470.863739	3	0.002927	25
470.863739	4	0.003902	13
470.863739	5	0.004878	12
470.863739	6	0.005854	6
470.863739	7	0.006829	7
470.863739	8	0.007805	6
470.863739	9	0.008780	8
470.863739	10	0.009756	3
470.863739	11	0.010732	6
470.863739	13	0.012683	4
470.863739	15	0.014634	4
470.863739	27	0.026341	2
470.863739	16	0.015610	2
470.863739	24	0.023415	1
470.863739	12	0.011707	4
470.863739	14	0.013659	1
470.863739	20	0.019512	2
470.863739	25	0.024390	1
470.863739	19	0.018537	1
470.863739	17	0.016585	1
480.864136	1	0.000976	68
480.864136	2	0.001951	38
480.864136	3	0.002927	23
480.864136	4	0.003902	15
480.864136	5	0.004878	13
480.864136	6	0.005854	15
480.864136	7	0.006829	10
480.864136	8	0.007805	3
480.864136	9	0.008780	4
480.864136	10	0.009756	2
480.864136	18	0.017561	2
480.864136	14	0.013659	2
480.864136	31	0.030244	1
480.864136	12	0.011707	2
480.864136	30	0.029268	1
480.864136	21	0.020488	1
480.864136	46	0.044878	1
480.864136	25	0.024390	1
480.864136	17	0.016585	2
480.864136	15	0.014634	4
480.864136	13	0.012683	2
480.864136	19	0.018537	1
480.864136	45	0.043902	1
480.864136	22	0.021463	1
490.864502	1	0.000976	103
490.864502	2	0.001951	30
490.864502	3	0.002927	21
490.864502	4	0.003902	11
490.864502	5	0.004878	22
490.864502	6	0.005854	11
490.864502	7	0.006829	8
490.864502	8	0.007805	8
490.864502	9	0.008780	7
490.864502	10	0.009756	3
490.864502	12	0.011707	3
490.864502	18	0.017561	2
490.864502	29	0.028293	2
490.864502	16	0.015610	1
490.864502	25	0.024390	1
490.864502	11	0.010732	3
490.864502	22	0.021463	1
490.864502	15	0.014634	2
490.864502	17	0.016585	2
490.864502	14	0.013659	1
490.864502	13	0.012683	3
490.864502	23	0.022439	1
500.864624	1	0.000977	77
500.864624	2	0.001953	33
500.864624	3	0.002930	16
500.864624	4	0.003906	11
500.864624	5	0.004883	13
500.864624	6	0.005859	7
500.864624	7	0.006836	7
500.864624	8	0.007812	6
500.864624	9	0.008789	3
500.864624	10	0.009766	5
500.864624	28	0.027344	1
500.864624	44	0.042969	1
500.864624	14	0.013672	2
500.864624	32	0.031250	1
500.864624	17	0.016602	2
500.864624	18	0.017578	3
500.864624	27	0.026367	1
500.864624	15	0.014648	2
500.864624	12	0.011719	2
500.864624	19	0.018555	3
500.864624	16	0.015625	2
500.864624	11	0.010742	3
500.864624	13	0.012695	3
500.864624	26	0.025391	1
500.864624	20	0.019531	1
510.864746	1	0.000977	90
510.864746	2	0.001953	39
510.864746	3	0.002930	19
510.864746	4	0.003906	16
510.864746	5	0.004883	15
510.864746	6	0.005859	10
510.864746	7	0.006836	6
510.864746	8	0.007812	1
510.864746	9	0.008789	4
510.864746	10	0.009766	7
510.864746	27	0.026367	2
510.864746	11	0.010742	3
510.864746	24	0.023438	3
510.864746	16	0.015625	1
510.864746	34	0.033203	1
510.864746	14	0.013672	4
510.864746	12	0.011719	3
510.864746	13	0.012695	3
510.864746	17	0.016602	1
510.864746	18	0.017578	2
510.864746	15	0.014648	2
510.864746	21	0.020508	1
520.865051	1	0.000976	88
520.865051	2	0.001951	37
520.865051	3	0.002927	21
520.865051	4	0.003902	15
520.865051	5	0.004878	10
520.865051	6	0.005854	10
520.865051	7	0.006829	5
520.865051	8	0.007805	6
520.865051	9	0.008780	5
520.865051	10	0.009756	4
520.865051	27	0.026341	1
520.865051	16	0.015610	2
520.865051	15	0.014634	2
520.865051	18	0.017561	3
520.865051	13	0.012683	1
520.865051	11	0.010732	7
520.865051	42	0.040976	2
520.865051	19	0.018537	2
520.865051	29	0.028293	1
520.865051	24	0.023415	1
520.865051	22	0.021463	1
520.865051	20	0.019512	1
520.865051	12	0.011707	1
530.865295	1	0.000976	74
530.865295	2	0.001951	28
530.865295	3	0.002927	29
530.865295	4	0.003902	19
530.865295	5	0.004878	9
530.865295	6	0.005854	9
530.865295	7	0.006829	7
530.865295	8	0.007805	6
530.865295	9	0.008780	5
530.865295	10	0.009756	1
530.865295	14	0.013659	3
530.865295	16	0.015610	2
530.865295	35	0.034146	1
530.865295	12	0.011707	4
530.865295	11	0.010732	6
530.865295	21	0.020488	1
530.865295	59	0.057561	1
530.865295	13	0.012683	2
530.865295	37	0.036098	1
530.865295	23	0.022439	3
530.865295	17	0.016585	1
530.865295	29	0.028293	1
540.865662	1	0.000976	94
540.865662	2	0.001951	34
540.865662	3	0.002927	32
540.865662	4	0.003902	15
540.865662	5	0.004878	14
540.865662	6	0.005854	10
540.865662	7	0.006829	13
540.865662	8	0.007805	10
540.865662	9	0.008780	6
540.865662	10	0.009756	3
540.865662	25	0.024390	1
540.865662	29	0.028293	1
540.865662	16	0.015610	2
540.865662	17	0.016585	1
540.865662	23	0.022439	2
540.865662	11	0.010732	1
540.865662	22	0.021463	2
540.865662	18	0.017561	3
540.865662	31	0.030244	1
540.865662	14	0.013659	1
540.865662	19	0.018537	1
550.865967	1	0.000976	67
550.865967	2	0.001951	29
550.865967	3	0.002927	21
550.865967	4	0.003902	7
550.865967	5	0.004878	15
550.865967	6	0.005854	5
550.865967	7	0.006829	8
550.865967	8	0.007805	7
550.865967	9	0.008780	1
550.865967	10	0.009756	4
550.865967	17	0.016585	3
550.865967	15	0.014634	3
550.865967	28	0.027317	2
550.865967	16	0.015610	3
550.865967	26	0.025366	2
550.865967	24	0.023415	1
550.865967	31	0.030244	1
550.865967	13	0.012683	2
550.865967	21	0.020488	3
550.865967	11	0.010732	1
550.865967	19	0.018537	2
550.865967	20	0.019512	2
550.865967	12	0.011707	1
550.865967	14	0.013659	2
550.865967	18	0.017561	1
560.866150	1	0.000977	67
560.866150	2	0.001953	36
560.866150	3	0.002930	22
560.866150	4	0.003906	13
560.866150	5	0.004883	7
560.866150	6	0.005859	7
560.866150	7	0.006836	4
560.866150	8	0.007812	4
560.866150	9	0.008789	3
560.866150	10	0.009766	4
560.866150	34	0.033203	1
560.866150	15	0.014648	2
560.866150	16	0.015625	4
560.866150	24	0.023438	1
560.866150	12	0.011719	8
560.866150	21	0.020508	1
560.866150	49	0.047852	1
560.866150	17	0.016602	2
560.866150	23	0.022461	2
560.866150	19	0.018555	2
560.866150	11	0.010742	5
560.866150	13	0.012695	4
560.866150	20	0.019531	1
570.866394	1	0.000977	75
570.866394	2	0.001953	36
570.866394	3	0.002930	27
570.866394	4	0.003906	16
570.866394	5	0.004883	15
570.866394	6	0.005859	16
570.866394	7	0.006836	9
570.866394	8	0.007812	11
570.866394	9	0.008789	1
570.866394	10	0.009766	5
570.866394	14	0.013672	3
570.866394	23	0.022461	1
570.866394	16	0.015625	4
570.866394	12	0.011719	5
570.866394	26	0.025391	1
570.866394	15	0.014648	2
570.866394	39	0.038086	1
570.866394	19	0.018555	2
570.866394	11	0.010742	1
570.866394	18	0.017578	1
580.866577	1	0.000976	96
580.866577	2	0.001951	42
580.866577	3	0.002927	23
580.866577	4	0.003902	13
580.866577	5	0.004878	12
580.866577	6	0.005854	7
580.866577	7	0.006829	12
580.866577	8	0.007805	6
580.866577	9	0.008780	7
580.866577	10	0.009756	3
580.866577	30	0.029268	1
580.866577	20	0.019512	2
580.866577	22	0.021463	1
580.866577	43	0.041951	1
580.866577	18	0.017561	1
580.866577	21	0.020488	1
580.866577	19	0.018537	2
580.866577	12	0.011707	1
580.866577	14	0.013659	4
580.866577	17	0.016585	1
580.866577	11	0.010732	2
580.866577	33	0.032195	1
580.866577	16	0.015610	2
580.866577	13	0.012683	1
590.866699	1	0.000976	69
590.866699	2	0.001951	28
590.866699	3	0.002927	22
590.866699	4	0.003902	19
590.866699	5	0.004878	6
590.866699	6	0.005854	7
590.866699	7	0.006829	8
590.866699	8	0.007805	6
590.866699	9	0.008780	3
590.866699	10	0.009756	4
590.866699	12	0.011707	4
590.866699	14	0.013659	4
590.866699	19	0.018537	2
590.866699	47	0.045854	1
590.866699	23	0.022439	1
590.866699	25	0.024390	1
590.866699	15	0.014634	1
590.866699	11	0.010732	1
590.866699	41	0.040000	1
590.866699	40	0.039024	1
590.866699	18	0.017561	1
590.866699	34	0.033171	1
590.866699	22	0.021463	1
590.866699	32	0.031220	1
590.866699	17	0.016585	2
590.866699	31	0.030244	1
600.866943	1	0.000976	78
600.866943	2	0.001951	52
600.866943	3	0.002927	27
600.866943	4	0.003902	17
600.866943	5	0.004878	10
600.866943	6	0.005854	8
600.866943	7	0.006829	9
600.866943	8	0.007805	8
600.866943	9	0.008780	5
600.866943	10	0.009756	4
600.866943	11	0.010732	1
600.866943	25	0.024390	1
600.866943	31	0.030244	2
600.866943	12	0.011707	2
600.866943	22	0.021463	1
600.866943	23	0.022439	2
600.866943	14	0.013659	3
600.866943	35	0.034146	1
600.866943	28	0.027317	1
600.866943	16	0.015610	2
600.866943	21	0.020488	2
600.866943	15	0.014634	1
610.867432	1	0.000976	81
610.867432	2	0.001951	37
610.867432	3	0.002927	18
610.867432	4	0.003902	9
610.867432	5	0.004878	13
610.867432	6	0.005854	9
610.867432	7	0.006829	6
610.867432	8	0.007805	5
610.867432	9	0.008780	4
610.867432	10	0.009756	7
610.867432	27	0.026341	1
610.867432	23	0.022439	3
610.867432	13	0.012683	2
610.867432	33	0.032195	1
610.867432	22	0.021463	1
610.867432	11	0.010732	4
610.867432	12	0.011707	6
610.867432	17	0.016585	2
610.867432	37	0.036098	1
610.867432	14	0.013659	2
610.867432	31	0.030244	1
610.867432	19	0.018537	1
610.867432	16	0.015610	1
610.867432	15	0.014634	1
620.867615	1	0.000977	78
620.867615	2	0.001953	34
620.867615	3	0.002930	24
620.867615	4	0.003906	17
620.867615	5	0.004883	11
620.867615	6	0.005859	10
620.867615	7	0.006836	7
620.867615	8	0.007812	4
620.867615	9	0.008789	4
620.867615	10	0.009766	7
620.867615	29	0.028320	1
620.867615	11	0.010742	1
620.867615	19	0.018555	3
620.867615	21	0.020508	1
620.867615	14	0.013672	3
620.867615	13	0.012695	2
620.867615	41	0.040039	1
620.867615	25	0.024414	1
620.867615	12	0.011719	2
620.867615	18	0.017578	2
620.867615	15	0.014648	1
620.867615	30	0.029297	1
620.867615	16	0.015625	1
620.867615	17	0.016602	1
620.867615	23	0.022461	2
630.868042	1	0.000976	71
630.868042	2	0.001951	37
630.868042	3	0.002927	19
630.868042	4	0.003902	22
630.868042	5	0.004878	9
630.868042	6	0.005854	7
630.868042	7	0.006829	10
630.868042	8	0.007805	5
630.868042	9	0.008780	11
630.868042	10	0.009756	6
630.868042	42	0.040976	1
630.868042	21	0.020488	2
630.868042	14	0.013659	4
630.868042	12	0.011707	1
630.868042	20	0.019512	1
630.868042	19	0.018537	1
630.868042	24	0.023415	1
630.868042	11	0.010732	3
630.868042	16	0.015610	1
630.868042	25	0.024390	1
630.868042	13	0.012683	2
630.868042	17	0.016585	2
630.868042	15	0.014634	2
640.868408	1	0.000976	83
640.868408	2	0.001951	32
640.868408	3	0.002927	16
640.868408	4	0.003902	20
640.868408	5	0.004878	14
640.868408	6	0.005854	8
640.868408	7	0.006829	3
640.868408	8	0.007805	6
640.868408	9	0.008780	3
640.868408	10	0.009756	3
640.868408	15	0.014634	6
640.868408	23	0.022439	1
640.868408	29	0.028293	2
640.868408	20	0.019512	1
640.868408	18	0.017561	2
640.868408	16	0.015610	6
640.868408	36	0.035122	1
640.868408	14	0.013659	2
640.868408	22	0.021463	2
640.868408	12	0.011707	1
640.868408	33	0.032195	1
640.868408	11	0.010732	1
640.868408	19	0.018537	1
650.868835	1	0.000976	83
650.868835	2	0.001951	38
650.868835	3	0.002927	18
650.868835	4	0.003902	18
650.868835	5	0.004878	7
650.868835	6	0.005854	7
650.868835	7	0.006829	7
650.868835	8	0.007805	2
650.868835	9	0.008780	5
650.868835	10	0.009756	4
650.868835	16	0.015610	6
650.868835	21	0.020488	2
650.868835	11	0.010732	3
650.868835	36	0.035122	1
650.868835	13	0.012683	3
650.868835	18	0.017561	1
650.868835	26	0.025366	2
650.868835	19	0.018537	1
650.868835	12	0.011707	5
650.868835	17	0.016585	2
650.868835	15	0.014634	2
650.868835	14	0.013659	1
650.868835	20	0.019512	2
660.868958	1	0.000976	86
660.868958	2	0.001951	31
660.868958	3	0.002927	16
660.868958	4	0.003902	12
660.868958	5	0.004878	17
660.868958	6	0.005854	11
660.868958	7	0.006829	2
660.868958	8	0.007805	3
660.868958	9	0.008780	3
660.868958	10	0.009756	2
660.868958	45	0.043902	1
660.868958	13	0.012683	2
660.868958	12	0.011707	6
660.868958	26	0.025366	1
660.868958	17	0.016585	3
660.868958	41	0.040000	1
660.868958	21	0.020488	2
660.868958	18	0.017561	3
660.868958	14	0.013659	1
660.868958	11	0.010732	5
660.868958	24	0.023415	1
660.868958	29	0.028293	1
660.868958	16	0.015610	1
660.868958	50	0.048780	1
670.869141	1	0.000976	83
670.869141	2	0.001951	39
670.869141	3	0.002927	25
670.869141	4	0.003902	13
670.869141	5	0.004878	10
670.869141	6	0.005854	7
670.869141	7	0.006829	7
670.869141	8	0.007805	9
670.869141	9	0.008780	5
670.869141	10	0.009756	4
670.869141	30	0.029268	1
670.869141	67	0.065366	1
670.869141	17	0.016585	3
670.869141	13	0.012683	3
670.869141	12	0.011707	2
670.869141	14	0.013659	1
670.869141	21	0.020488	3
670.869141	31	0.030244	1
670.869141	15	0.014634	1
670.869141	16	0.015610	1
670.869141	26	0.025366	1
670.869141	24	0.023415	1
670.869141	11	0.010732	1
670.869141	28	0.027317	1
680.869507	1	0.000976	77
680.869507	2	0.001951	34
680.869507	3	0.002927	19
680.869507	4	0.003902	21
680.869507	5	0.004878	11
680.869507	6	0.005854	8
680.869507	7	0.006829	3
680.869507	8	0.007805	6
680.869507	9	0.008780	3
680.869507	10	0.009756	2
680.869507	41	0.040000	1
680.869507	24	0.023415	4
680.869507	15	0.014634	2
680.869507	20	0.019512	1
680.869507	29	0.028293	1
680.869507	16	0.015610	1
680.869507	22	0.021463	1
680.869507	21	0.020488	1
680.869507	13	0.012683	1
680.869507	17	0.016585	2
680.869507	59	0.057561	1
680.869507	14	0.013659	2
680.869507	12	0.011707	3
680.869507	11	0.010732	2
680.869507	30	0.029268	1
680.869507	23	0.022439	1
690.869751	1	0.000976	89
690.869751	2	0.001951	33
690.869751	3	0.002927	27
690.869751	4	0.003902	22
690.869751	5	0.004878	11
690.869751	6	0.005854	14
690.869751	7	0.006829	7
690.869751	8	0.007805	9
690.869751	9	0.008780	1
690.869751	10	0.009756	2
690.869751	36	0.035122	1
690.869751	25	0.024390	1
690.869751	14	0.013659	2
690.869751	12	0.011707	6
690.869751	13	0.012683	2
690.869751	33	0.032195	1
690.869751	23	0.022439	2
690.869751	21	0.020488	1
690.869751	17	0.016585	1
690.869751	31	0.030244	1
690.869751	15	0.014634	1
690.869751	16	0.015610	2
690.869751	11	0.010732	1
690.869751	19	0.018537	1
700.870056	1	0.000975	66
700.870056	2	0.001949	38
700.870056	3	0.002924	24
700.870056	4	0.003899	17
700.870056	5	0.004873	6
700.870056	6	0.005848	8
700.870056	7	0.006823	7
700.870056	8	0.007797	8
700.870056	9	0.008772	5
700.870056	10	0.009747	7
700.870056	16	0.015595	1
700.870056	11	0.010721	4
700.870056	13	0.012671	2
700.870056	19	0.018519	4
700.870056	14	0.013645	4
700.870056	30	0.029240	1
700.870056	12	0.011696	5
700.870056	15	0.014620	2
700.870056	22	0.021442	1
700.870056	20	0.019493	1
700.870056	23	0.022417	1
700.870056	18	0.017544	1
700.870056	17	0.016569	1
710.870422	1	0.000976	83
710.870422	2	0.001951	33
710.870422	3	0.002927	27
710.870422	4	0.003902	11
710.870422	5	0.004878	6
710.870422	6	0.005854	8
710.870422	7	0.006829	3
710.870422	8	0.007805	3
710.870422	9	0.008780	4
710.870422	10	0.009756	3
710.870422	22	0.021463	3
710.870422	14	0.013659	2
710.870422	29	0.028293	1
710.870422	40	0.039024	1
710.870422	21	0.020488	1
710.870422	30	0.029268	1
710.870422	15	0.014634	1
710.870422	73	0.071220	1
710.870422	24	0.023415	1
710.870422	12	0.011707	5
710.870422	25	0.024390	1
710.870422	13	0.012683	1
710.870422	26	0.025366	1
710.870422	18	0.017561	2
710.870422	11	0.010732	2
710.870422	17	0.016585	1
710.870422	37	0.036098	1
720.870728	1	0.000977	78
720.870728	2	0.001953	34
720.870728	3	0.002930	21
720.870728	4	0.003906	13
720.870728	5	0.004883	6
720.870728	6	0.005859	10
720.870728	7	0.006836	8
720.870728	8	0.007812	9
720.870728	9	0.008789	6
720.870728	10	0.009766	3
720.870728	16	0.015625	1
720.870728	21	0.020508	1
720.870728	11	0.010742	4
720.870728	22	0.021484	2
720.870728	18	0.017578	3
720.870728	35	0.034180	2
720.870728	44	0.042969	1
720.870728	17	0.016602	1
720.870728	12	0.011719	3
720.870728	14	0.013672	1
720.870728	25	0.024414	1
720.870728	19	0.018555	1
720.870728	24	0.023438	1
720.870728	20	0.019531	1
720.870728	13	0.012695	1
730.871094	1	0.000976	91
730.871094	2	0.001951	34
730.871094	3	0.002927	26
730.871094	4	0.003902	20
730.871094	5	0.004878	14
730.871094	6	0.005854	6
730.871094	7	0.006829	7
730.871094	8	0.007805	7
730.871094	9	0.008780	5
730.871094	10	0.009756	5
730.871094	13	0.012683	2
730.871094	23	0.022439	1
730.871094	35	0.034146	1
730.871094	14	0.013659	2
730.871094	47	0.045854	1
730.871094	12	0.011707	4
730.871094	19	0.018537	1
730.871094	18	0.017561	1
730.871094	26	0.025366	1
730.871094	15	0.014634	3
730.871094	31	0.030244	1
730.871094	11	0.010732	1
730.871094	16	0.015610	1
730.871094	29	0.028293	1
740.871277	1	0.000976	76
740.871277	2	0.001951	24
740.871277	3	0.002927	21
740.871277	4	0.003902	12
740.871277	5	0.004878	15
740.871277	6	0.005854	12
740.871277	7	0.006829	10
740.871277	8	0.007805	8
740.871277	9	0.008780	7
740.871277	10	0.009756	5
740.871277	13	0.012683	2
740.871277	49	0.047805	1
740.871277	46	0.044878	1
740.871277	19	0.018537	1
740.871277	11	0.010732	3
740.871277	20	0.019512	1
740.871277	25	0.024390	1
740.871277	15	0.014634	1
740.871277	34	0.033171	1
740.871277	12	0.011707	2
740.871277	28	0.027317	1
740.871277	17	0.016585	1
740.871277	24	0.023415	1
740.871277	14	0.013659	1
740.871277	22	0.021463	1
750.871704	1	0.000976	80
750.871704	2	0.001951	35
750.871704	3	0.002927	25
750.871704	4	0.003902	14
750.871704	5	0.004878	13
750.871704	6	0.005854	12
750.871704	7	0.006829	7
750.871704	8	0.007805	6
750.871704	9	0.008780	2
750.871704	10	0.009756	6
750.871704	23	0.022439	2
750.871704	17	0.016585	1
750.871704	13	0.012683	3
750.871704	25	0.024390	1
750.871704	21	0.020488	1
750.871704	18	0.017561	1
750.871704	33	0.032195	1
750.871704	15	0.014634	3
750.871704	14	0.013659	3
750.871704	16	0.015610	1
750.871704	22	0.021463	1
750.871704	26	0.025366	1
750.871704	12	0.011707	3
750.871704	11	0.010732	1
750.871704	35	0.034146	1
760.871765	1	0.000976	78
760.871765	2	0.001951	30
760.871765	3	0.002927	25
760.871765	4	0.003902	16
760.871765	5	0.004878	11
760.871765	6	0.005854	11
760.871765	7	0.006829	9
760.871765	8	0.007805	6
760.871765	9	0.008780	6
760.871765	10	0.009756	6
760.871765	22	0.021463	2
760.871765	26	0.025366	2
760.871765	12	0.011707	3
760.871765	31	0.030244	1
760.871765	33	0.032195	1
760.871765	11	0.010732	2
760.871765	13	0.012683	1
760.871765	15	0.014634	2
760.871765	14	0.013659	2
760.871765	17	0.016585	1
760.871765	25	0.024390	1
760.871765	18	0.017561	2
760.871765	35	0.034146	1
770.871887	1	0.000976	87
770.871887	2	0.001951	44
770.871887	3	0.002927	27
770.871887	4	0.003902	22
770.871887	5	0.004878	8
770.871887	6	0.005854	9
770.871887	7	0.006829	18
770.871887	8	0.007805	6
770.871887	9	0.008780	3
770.871887	10	0.009756	8
770.871887	17	0.016585	1
770.871887	35	0.034146	1
770.871887	48	0.046829	1
770.871887	26	0.025366	1
770.871887	13	0.012683	3
770.871887	12	0.011707	3
770.871887	14	0.013659	2
770.871887	11	0.010732	5
770.871887	22	0.021463	1
780.872253	1	0.000976	58
780.872253	2	0.001951	28
780.872253	3	0.002927	19
780.872253	4	0.003902	14
780.872253	5	0.004878	15
780.872253	6	0.005854	8
780.872253	7	0.006829	9
780.872253	8	0.007805	4
780.872253	9	0.008780	5
780.872253	10	0.009756	6
780.872253	54	0.052683	1
780.872253	22	0.021463	1
780.872253	15	0.014634	1
780.872253	11	0.010732	3
780.872253	14	0.013659	2
780.872253	16	0.015610	2
780.872253	17	0.016585	1
780.872253	12	0.011707	6
780.872253	19	0.018537	3
780.872253	25	0.024390	1
780.872253	13	0.012683	2
780.872253	43	0.041951	1
780.872253	33	0.032195	1
780.872253	18	0.017561	1
790.872498	1	0.000977	74
790.872498	2	0.001953	39
790.872498	3	0.002930	31
790.872498	4	0.003906	16
790.872498	5	0.004883	11
790.872498	6	0.005859	10
790.872498	7	0.006836	7
790.872498	8	0.007812	6
790.872498	9	0.008789	4
790.872498	10	0.009766	5
790.872498	25	0.024414	2
790.872498	19	0.018555	1
790.872498	11	0.010742	6
790.872498	30	0.029297	2
790.872498	14	0.013672	2
790.872498	42	0.041016	1
790.872498	34	0.033203	1
790.872498	16	0.015625	2
790.872498	15	0.014648	3
790.872498	20	0.019531	1
790.872498	21	0.020508	1
800.872864	1	0.000976	81
800.872864	2	0.001951	46
800.872864	3	0.002927	26
800.872864	4	0.003902	11
800.872864	5	0.004878	7
800.872864	6	0.005854	9
800.872864	7	0.006829	5
800.872864	8	0.007805	3
800.872864	9	0.008780	4
800.872864	10	0.009756	8
800.872864	12	0.011707	3
800.872864	15	0.014634	1
800.872864	23	0.022439	1
800.872864	34	0.033171	1
800.872864	16	0.015610	2
800.872864	31	0.030244	1
800.872864	43	0.041951	1
800.872864	20	0.019512	2
800.872864	11	0.010732	6
800.872864	13	0.012683	2
800.872864	18	0.017561	1
800.872864	37	0.036098	1
800.872864	46	0.044878	1
800.872864	19	0.018537	1
810.873047	1	0.000976	87
810.873047	2	0.001951	45
810.873047	3	0.002927	26
810.873047	4	0.003902	22
810.873047	5	0.004878	19
810.873047	6	0.005854	8
810.873047	7	0.006829	8
810.873047	8	0.007805	11
810.873047	9	0.008780	3
810.873047	10	0.009756	1
810.873047	51	0.049756	1
810.873047	26	0.025366	1
810.873047	20	0.019512	1
810.873047	17	0.016585	2
810.873047	23	0.022439	1
810.873047	13	0.012683	4
810.873047	21	0.020488	1
810.873047	35	0.034146	1
810.873047	18	0.017561	1
810.873047	11	0.010732	2
810.873047	12	0.011707	1
810.873047	14	0.013659	1
810.873047	30	0.029268	1
820.873352	1	0.000976	84
820.873352	2	0.001951	36
820.873352	3	0.002927	18
820.873352	4	0.003902	13
820.873352	5	0.004878	6
820.873352	6	0.005854	14
820.873352	7	0.006829	7
820.873352	8	0.007805	9
820.873352	9	0.008780	4
820.873352	10	0.009756	2
820.873352	19	0.018537	1
820.873352	33	0.032195	1
820.873352	43	0.041951	2
820.873352	11	0.010732	5
820.873352	16	0.015610	1
820.873352	13	0.012683	4
820.873352	20	0.019512	2
820.873352	38	0.037073	1
820.873352	39	0.038049	1
820.873352	14	0.013659	2
820.873352	15	0.014634	1
820.873352	17	0.016585	1
820.873352	34	0.033171	1
830.873474	1	0.000976	82
830.873474	2	0.001951	32
830.873474	3	0.002927	22
830.873474	4	0.003902	13
830.873474	5	0.004878	10
830.873474	6	0.005854	10
830.873474	7	0.006829	9
830.873474	8	0.007805	1
830.873474	9	0.008780	4
830.873474	10	0.009756	2
830.873474	15	0.014634	1
830.873474	26	0.025366	3
830.873474	14	0.013659	2
830.873474	25	0.024390	2
830.873474	17	0.016585	2
830.873474	11	0.010732	4
830.873474	16	0.015610	4
830.873474	12	0.011707	3
830.873474	32	0.031220	1
830.873474	36	0.035122	1
830.873474	33	0.032195	1
830.873474	20	0.019512	1
830.873474	31	0.030244	1
830.873474	23	0.022439	1
840.873718	1	0.000976	80
840.873718	2	0.001951	41
840.873718	3	0.002927	12
840.873718	4	0.003902	15
840.873718	5	0.004878	13
840.873718	6	0.005854	9
840.873718	7	0.006829	10
840.873718	8	0.007805	5
840.873718	9	0.008780	8
840.873718	10	0.009756	3
840.873718	13	0.012683	2
840.873718	32	0.031220	1
840.873718	23	0.022439	2
840.873718	34	0.033171	1
840.873718	22	0.021463	1
840.873718	18	0.017561	1
840.873718	20	0.019512	1
840.873718	14	0.013659	4
840.873718	29	0.028293	1
840.873718	15	0.014634	1
840.873718	12	0.011707	2
840.873718	21	0.020488	1
840.873718	16	0.015610	2
840.873718	11	0.010732	4
840.873718	17	0.016585	1
850.874023	1	0.000976	82
850.874023	2	0.001951	36
850.874023	3	0.002927	29
850.874023	4	0.003902	18
850.874023	5	0.004878	18
850.874023	6	0.005854	14
850.874023	7	0.006829	8
850.874023	8	0.007805	2
850.874023	9	0.008780	1
850.874023	10	0.009756	5
850.874023	13	0.012683	4
850.874023	25	0.024390	1
850.874023	27	0.026341	1
850.874023	11	0.010732	4
850.874023	24	0.023415	1
850.874023	19	0.018537	1
850.874023	23	0.022439	1
850.874023	17	0.016585	2
850.874023	37	0.036098	1
850.874023	12	0.011707	2
850.874023	29	0.028293	1
850.874023	20	0.019512	2
850.874023	15	0.014634	1
850.874023	14	0.013659	1
860.874268	1	0.000976	70
860.874268	2	0.001951	35
860.874268	3	0.002927	23
860.874268	4	0.003902	17
860.874268	5	0.004878	12
860.874268	6	0.005854	9
860.874268	7	0.006829	4
860.874268	8	0.007805	4
860.874268	9	0.008780	4
860.874268	10	0.009756	5
860.874268	27	0.026341	1
860.874268	16	0.015610	3
860.874268	43	0.041951	1
860.874268	33	0.032195	2
860.874268	17	0.016585	4
860.874268	34	0.033171	1
860.874268	18	0.017561	2
860.874268	15	0.014634	2
860.874268	23	0.022439	1
860.874268	14	0.013659	1
860.874268	11	0.010732	4
860.874268	30	0.029268	1
860.874268	13	0.012683	1
860.874268	12	0.011707	1
870.874634	1	0.000976	77
870.874634	2	0.001951	45
870.874634	3	0.002927	18
870.874634	4	0.003902	20
870.874634	5	0.004878	10
870.874634	6	0.005854	9
870.874634	7	0.006829	7
870.874634	8	0.007805	1
870.874634	9	0.008780	5
870.874634	10	0.009756	4
870.874634	11	0.010732	6
870.874634	19	0.018537	1
870.874634	23	0.022439	1
870.874634	20	0.019512	1
870.874634	22	0.021463	3
870.874634	18	0.017561	3
870.874634	13	0.012683	2
870.874634	14	0.013659	3
870.874634	12	0.011707	3
870.874634	21	0.020488	2
870.874634	25	0.024390	1
870.874634	15	0.014634	1
870.874634	28	0.027317	1
870.874634	16	0.015610	1
880.874878	1	0.000976	85
880.874878	2	0.001951	26
880.874878	3	0.002927	29
880.874878	4	0.003902	18
880.874878	5	0.004878	13
880.874878	6	0.005854	7
880.874878	7	0.006829	7
880.874878	8	0.007805	5
880.874878	9	0.008780	4
880.874878	10	0.009756	4
880.874878	11	0.010732	2
880.874878	23	0.022439	2
880.874878	18	0.017561	1
880.874878	14	0.013659	4
880.874878	16	0.015610	1
880.874878	19	0.018537	3
880.874878	56	0.054634	1
880.874878	12	0.011707	3
880.874878	17	0.016585	1
880.874878	15	0.014634	1
880.874878	20	0.019512	2
880.874878	13	0.012683	2
880.874878	21	0.020488	1
880.874878	31	0.030244	1
890.875122	1	0.000976	79
890.875122	2	0.001951	44
890.875122	3	0.002927	19
890.875122	4	0.003902	12
890.875122	5	0.004878	11
890.875122	6	0.005854	17
890.875122	7	0.006829	6
890.875122	8	0.007805	5
890.875122	9	0.008780	6
890.875122	10	0.009756	5
890.875122	35	0.034146	1
890.875122	25	0.024390	2
890.875122	13	0.012683	5
890.875122	12	0.011707	1
890.875122	24	0.023415	2
890.875122	23	0.022439	1
890.875122	21	0.020488	1
890.875122	15	0.014634	3
890.875122	36	0.035122	1
890.875122	28	0.027317	1
890.875122	16	0.015610	1
890.875122	14	0.013659	1
890.875122	17	0.016585	1
900.875366	1	0.000976	81
900.875366	2	0.001951	37
900.875366	3	0.002927	24
900.875366	4	0.003902	19
900.875366	5	0.004878	9
900.875366	6	0.005854	7
900.875366	7	0.006829	3
900.875366	8	0.007805	4
900.875366	9	0.008780	3
900.875366	10	0.009756	5
900.875366	15	0.014634	3
900.875366	14	0.013659	5
900.875366	16	0.015610	1
900.875366	11	0.010732	1
900.875366	12	0.011707	3
900.875366	32	0.031220	2
900.875366	20	0.019512	1
900.875366	19	0.018537	1
900.875366	25	0.024390	1
900.875366	17	0.016585	1
900.875366	13	0.012683	3
900.875366	18	0.017561	2
900.875366	33	0.032195	1
900.875366	30	0.029268	1
900.875366	23	0.022439	1
900.875366	21	0.020488	1
910.875549	1	0.000976	82
910.875549	2	0.001951	37
910.875549	3	0.002927	22
910.875549	4	0.003902	11
910.875549	5	0.004878	10
910.875549	6	0.005854	6
910.875549	7	0.006829	5
910.875549	8	0.007805	5
910.875549	9	0.008780	6
910.875549	10	0.009756	3
910.875549	11	0.010732	4
910.875549	23	0.022439	2
910.875549	14	0.013659	1
910.875549	35	0.034146	1
910.875549	47	0.045854	1
910.875549	15	0.014634	5
910.875549	34	0.033171	1
910.875549	32	0.031220	1
910.875549	16	0.015610	3
910.875549	22	0.021463	1
910.875549	12	0.011707	2
910.875549	19	0.018537	2
910.875549	26	0.025366	1
910.875549	29	0.028293	1
920.875732	1	0.000976	89
920.875732	2	0.001951	32
920.875732	3	0.002927	17
920.875732	4	0.003902	19
920.875732	5	0.004878	16
920.875732	6	0.005854	12
920.875732	7	0.006829	8
920.875732	8	0.007805	5
920.875732	9	0.008780	0
920.875732	10	0.009756	8
920.875732	19	0.018537	1
920.875732	21	0.020488	2
920.875732	20	0.019512	1
920.875732	24	0.023415	1
920.875732	26	0.025366	1
920.875732	15	0.014634	4
920.875732	11	0.010732	3
920.875732	12	0.011707	3
920.875732	17	0.016585	2
920.875732	29	0.028293	1
920.875732	14	0.013659	2
920.875732	18	0.017561	1
920.875732	22	0.021463	1
920.875732	13	0.012683	2
930.875977	1	0.000976	70
930.875977	2	0.001951	47
930.875977	3	0.002927	16
930.875977	4	0.003902	17
930.875977	5	0.004878	12
930.875977	6	0.005854	9
930.875977	7	0.006829	7
930.875977	8	0.007805	4
930.875977	9	0.008780	4
930.875977	10	0.009756	1
930.875977	17	0.016585	3
930.875977	44	0.042927	1
930.875977	22	0.021463	3
930.875977	23	0.022439	1
930.875977	14	0.013659	2
930.875977	15	0.014634	2
930.875977	11	0.010732	3
930.875977	27	0.026341	1
930.875977	34	0.033171	1
930.875977	12	0.011707	2
930.875977	48	0.046829	1
930.875977	13	0.012683	4
930.875977	28	0.027317	1
930.875977	16	0.015610	1
940.876160	1	0.000977	81
940.876160	2	0.001953	32
940.876160	3	0.002930	23
940.876160	4	0.003906	13
940.876160	5	0.004883	10
940.876160	6	0.005859	4
940.876160	7	0.006836	4
940.876160	8	0.007812	6
940.876160	9	0.008789	4
940.876160	10	0.009766	3
940.876160	15	0.014648	3
940.876160	14	0.013672	2
940.876160	23	0.022461	1
940.876160	19	0.018555	1
940.876160	32	0.031250	1
940.876160	51	0.049805	1
940.876160	18	0.017578	1
940.876160	11	0.010742	5
940.876160	13	0.012695	4
940.876160	21	0.020508	1
940.876160	31	0.030273	1
940.876160	17	0.016602	1
940.876160	37	0.036133	1
940.876160	33	0.032227	1
940.876160	34	0.033203	1
940.876160	22	0.021484	1
940.876160	12	0.011719	2
950.876465	1	0.000976	67
950.876465	2	0.001951	39
950.876465	3	0.002927	25
950.876465	4	0.003902	16
950.876465	5	0.004878	17
950.876465	6	0.005854	6
950.876465	7	0.006829	7
950.876465	8	0.007805	4
950.876465	9	0.008780	1
950.876465	10	0.009756	5
950.876465	24	0.023415	2
950.876465	13	0.012683	3
950.876465	12	0.011707	7
950.876465	28	0.027317	1
950.876465	69	0.067317	1
950.876465	19	0.018537	1
950.876465	17	0.016585	2
950.876465	26	0.025366	1
950.876465	31	0.030244	1
950.876465	18	0.017561	1
950.876465	11	0.010732	2
950.876465	25	0.024390	1
950.876465	23	0.022439	1
950.876465	14	0.013659	1
960.876709	1	0.000976	75
960.876709	2	0.001951	31
960.876709	3	0.002927	29
960.876709	4	0.003902	7
960.876709	5	0.004878	9
960.876709	6	0.005854	6
960.876709	7	0.006829	12
960.876709	8	0.007805	6
960.876709	9	0.008780	6
960.876709	10	0.009756	3
960.876709	25	0.024390	1
960.876709	28	0.027317	2
960.876709	17	0.016585	3
960.876709	29	0.028293	1
960.876709	12	0.011707	5
960.876709	14	0.013659	2
960.876709	22	0.021463	1
960.876709	13	0.012683	1
960.876709	20	0.019512	1
960.876709	24	0.023415	1
960.876709	32	0.031220	1
960.876709	11	0.010732	3
960.876709	36	0.035122	1
960.876709	21	0.020488	1
960.876709	26	0.025366	1
970.876892	1	0.000976	82
970.876892	2	0.001951	38
970.876892	3	0.002927	29
970.876892	4	0.003902	15
970.876892	5	0.004878	9
970.876892	6	0.005854	9
970.876892	7	0.006829	4
970.876892	8	0.007805	8
970.876892	9	0.008780	5
970.876892	10	0.009756	5
970.876892	13	0.012683	2
970.876892	14	0.013659	2
970.876892	30	0.029268	1
970.876892	22	0.021463	2
970.876892	21	0.020488	1
970.876892	24	0.023415	1
970.876892	11	0.010732	5
970.876892	25	0.024390	1
970.876892	19	0.018537	2
970.876892	17	0.016585	2
970.876892	12	0.011707	5
970.876892	16	0.015610	1
970.876892	15	0.014634	1
970.876892	18	0.017561	1
980.877197	1	0.000975	88
980.877197	2	0.001949	29
980.877197	3	0.002924	32
980.877197	4	0.003899	12
980.877197	5	0.004873	13
980.877197	6	0.005848	10
980.877197	7	0.006823	7
980.877197	8	0.007797	6
980.877197	9	0.008772	7
980.877197	10	0.009747	2
980.877197	18	0.017544	2
980.877197	11	0.010721	4
980.877197	29	0.028265	1
980.877197	34	0.033138	1
980.877197	15	0.014620	4
980.877197	13	0.012671	2
980.877197	26	0.025341	1
980.877197	39	0.038012	1
980.877197	19	0.018519	1
980.877197	17	0.016569	2
980.877197	16	0.015595	1
980.877197	20	0.019493	2
980.877197	14	0.013645	2
990.877441	1	0.000977	74
990.877441	2	0.001953	44
990.877441	3	0.002930	22
990.877441	4	0.003906	14
990.877441	5	0.004883	9
990.877441	6	0.005859	11
990.877441	7	0.006836	6
990.877441	8	0.007812	4
990.877441	9	0.008789	3
990.877441	10	0.009766	2
990.877441	15	0.014648	3
990.877441	23	0.022461	3
990.877441	22	0.021484	2
990.877441	27	0.026367	2
990.877441	32	0.031250	1
990.877441	11	0.010742	3
990.877441	12	0.011719	4
990.877441	19	0.018555	1
990.877441	21	0.020508	2
990.877441	14	0.013672	1
990.877441	18	0.017578	1
990.877441	16	0.015625	1
990.877441	40	0.039062	1
990.877441	17	0.016602	2
1000.000000	1	0.000976	77
1000.000000	2	0.001951	25
1000.000000	3	0.002927	15
1000.000000	4	0.003902	18
1000.000000	5	0.004878	10
1000.000000	6	0.005854	11
1000.000000	7	0.006829	5
1000.000000	8	0.007805	3
1000.000000	9	0.008780	4
1000.000000	10	0.009756	8
1000.000000	18	0.017561	2
1000.000000	20	0.019512	2
1000.000000	15	0.014634	4
1000.000000	26	0.025366	1
1000.000000	42	0.040976	1
1000.000000	14	0.013659	3
1000.000000	28	0.027317	1
1000.000000	40	0.039024	1
1000.000000	23	0.022439	1
1000.000000	13	0.012683	2
1000.000000	17	0.016585	2
1000.000000	24	0.023415	1
1000.000000	22	0.021463	1
1000.000000	12	0.011707	3
1000.000000	11	0.010732	1
