Generation	Size	Frequency	Count
0.000000	1	1.000000	1
0.000000	2	2.000000	0
0.000000	3	3.000000	0
0.000000	4	4.000000	0
0.000000	5	5.000000	0
0.000000	6	6.000000	0
0.000000	7	7.000000	0
0.000000	8	8.000000	0
0.000000	9	9.000000	0
0.000000	10	10.000000	0
10.269349	1	0.000975	78
10.269349	2	0.001949	27
10.269349	3	0.002924	31
10.269349	4	0.003899	12
10.269349	5	0.004873	7
10.269349	6	0.005848	4
10.269349	7	0.006823	8
10.269349	8	0.007797	3
10.269349	9	0.008772	2
10.269349	10	0.009747	6
10.269349	21	0.020468	1
10.269349	76	0.074074	1
10.269349	12	0.011696	2
10.269349	31	0.030214	1
10.269349	16	0.015595	2
10.269349	29	0.028265	2
10.269349	11	0.010721	3
10.269349	13	0.012671	3
10.269349	52	0.050682	1
10.269349	26	0.025341	1
10.269349	15	0.014620	2
10.269349	14	0.013645	4
10.269349	40	0.038986	1
10.269349	18	0.017544	1
20.269428	1	0.000974	77
20.269428	2	0.001947	38
20.269428	3	0.002921	26
20.269428	4	0.003895	18
20.269428	5	0.004869	6
20.269428	6	0.005842	14
20.269428	7	0.006816	5
20.269428	8	0.007790	5
20.269428	9	0.008763	7
20.269428	10	0.009737	3
20.269428	25	0.024343	1
20.269428	19	0.018500	3
20.269428	13	0.012658	5
20.269428	32	0.031159	1
20.269428	12	0.011685	2
20.269428	14	0.013632	2
20.269428	17	0.016553	2
20.269428	16	0.015579	3
20.269428	18	0.017527	1
20.269428	51	0.049659	1
20.269428	26	0.025316	1
20.269428	23	0.022395	1
20.269428	11	0.010711	1
30.269541	1	0.000976	82
30.269541	2	0.001951	42
30.269541	3	0.002927	26
30.269541	4	0.003902	12
30.269541	5	0.004878	13
30.269541	6	0.005854	12
30.269541	7	0.006829	4
30.269541	8	0.007805	2
30.269541	9	0.008780	4
30.269541	10	0.009756	5
30.269541	22	0.021463	2
30.269541	15	0.014634	5
30.269541	26	0.025366	1
30.269541	11	0.010732	2
30.269541	21	0.020488	1
30.269541	14	0.013659	5
30.269541	58	0.056585	1
30.269541	19	0.018537	2
30.269541	16	0.015610	2
30.269541	31	0.030244	1
30.269541	12	0.011707	3
30.269541	13	0.012683	1
40.269623	1	0.000973	74
40.269623	2	0.001946	41
40.269623	3	0.002918	24
40.269623	4	0.003891	14
40.269623	5	0.004864	18
40.269623	6	0.005837	10
40.269623	7	0.006809	5
40.269623	8	0.007782	5
40.269623	9	0.008755	5
40.269623	10	0.009728	4
40.269623	23	0.022374	2
40.269623	18	0.017510	2
40.269623	11	0.010700	6
40.269623	24	0.023346	2
40.269623	14	0.013619	3
40.269623	51	0.049611	1
40.269623	37	0.035992	1
40.269623	13	0.012646	2
40.269623	12	0.011673	2
40.269623	25	0.024319	1
40.269623	16	0.015564	1
40.269623	17	0.016537	1
50.269775	1	0.000977	76
50.269775	2	0.001953	34
50.269775	3	0.002930	22
50.269775	4	0.003906	11
50.269775	5	0.004883	8
50.269775	6	0.005859	7
50.269775	7	0.006836	4
50.269775	8	0.007812	7
50.269775	9	0.008789	5
50.269775	10	0.009766	5
50.269775	13	0.012695	3
50.269775	28	0.027344	1
50.269775	23	0.022461	2
50.269775	50	0.048828	1
50.269775	44	0.042969	1
50.269775	11	0.010742	4
50.269775	30	0.029297	1
50.269775	12	0.011719	1
50.269775	18	0.017578	2
50.269775	15	0.014648	2
50.269775	19	0.018555	1
50.269775	41	0.040039	1
50.269775	17	0.016602	1
50.269775	26	0.025391	1
50.269775	20	0.019531	1
50.269775	27	0.026367	1
60.269833	1	0.000976	90
60.269833	2	0.001951	42
60.269833	3	0.002927	15
60.269833	4	0.003902	20
60.269833	5	0.004878	12
60.269833	6	0.005854	13
60.269833	7	0.006829	1
60.269833	8	0.007805	7
60.269833	9	0.008780	5
60.269833	10	0.009756	4
60.269833	59	0.057561	1
60.269833	12	0.011707	2
60.269833	16	0.015610	1
60.269833	13	0.012683	3
60.269833	14	0.013659	1
60.269833	28	0.027317	1
60.269833	24	0.023415	1
60.269833	31	0.030244	1
60.269833	32	0.031220	1
60.269833	17	0.016585	2
60.269833	11	0.010732	3
60.269833	27	0.026341	1
60.269833	15	0.014634	2
60.269833	23	0.022439	1
60.269833	26	0.025366	1
70.269875	1	0.000975	69
70.269875	2	0.001949	23
70.269875	3	0.002924	26
70.269875	4	0.003899	13
70.269875	5	0.004873	8
70.269875	6	0.005848	5
70.269875	7	0.006823	6
70.269875	8	0.007797	6
70.269875	9	0.008772	0
70.269875	10	0.009747	6
70.269875	36	0.035088	1
70.269875	25	0.024366	4
70.269875	13	0.012671	2
70.269875	59	0.057505	1
70.269875	17	0.016569	2
70.269875	19	0.018519	1
70.269875	18	0.017544	2
70.269875	24	0.023392	1
70.269875	40	0.038986	1
70.269875	16	0.015595	2
70.269875	15	0.014620	4
70.269875	39	0.038012	1
70.269875	12	0.011696	2
70.269875	21	0.020468	1
70.269875	11	0.010721	1
80.270012	1	0.000976	100
80.270012	2	0.001951	41
80.270012	3	0.002927	31
80.270012	4	0.003902	16
80.270012	5	0.004878	9
80.270012	6	0.005854	10
80.270012	7	0.006829	5
80.270012	8	0.007805	5
80.270012	9	0.008780	7
80.270012	10	0.009756	7
80.270012	25	0.024390	1
80.270012	17	0.016585	3
80.270012	27	0.026341	1
80.270012	24	0.023415	1
80.270012	12	0.011707	2
80.270012	43	0.041951	1
80.270012	16	0.015610	4
80.270012	19	0.018537	1
80.270012	22	0.021463	1
80.270012	20	0.019512	1
80.270012	11	0.010732	3
80.270012	21	0.020488	1
90.270134	1	0.000974	79
90.270134	2	0.001947	27
90.270134	3	0.002921	20
90.270134	4	0.003895	14
90.270134	5	0.004869	7
90.270134	6	0.005842	7
90.270134	7	0.006816	7
90.270134	8	0.007790	2
90.270134	9	0.008763	3
90.270134	10	0.009737	7
90.270134	18	0.017527	1
90.270134	15	0.014606	2
90.270134	38	0.037001	1
90.270134	12	0.011685	5
90.270134	17	0.016553	1
90.270134	14	0.013632	3
90.270134	11	0.010711	6
90.270134	28	0.027264	1
90.270134	21	0.020448	2
90.270134	24	0.023369	2
90.270134	13	0.012658	1
90.270134	20	0.019474	1
90.270134	26	0.025316	1
90.270134	36	0.035054	1
90.270134	55	0.053554	1
100.270233	1	0.000976	75
100.270233	2	0.001951	44
100.270233	3	0.002927	31
100.270233	4	0.003902	22
100.270233	5	0.004878	10
100.270233	6	0.005854	8
100.270233	7	0.006829	8
100.270233	8	0.007805	8
100.270233	9	0.008780	3
100.270233	10	0.009756	0
100.270233	31	0.030244	1
100.270233	12	0.011707	6
100.270233	25	0.024390	3
100.270233	27	0.026341	1
100.270233	17	0.016585	2
100.270233	22	0.021463	1
100.270233	14	0.013659	2
100.270233	28	0.027317	2
100.270233	13	0.012683	2
100.270233	16	0.015610	1
100.270233	15	0.014634	1
100.270233	23	0.022439	1
100.270233	11	0.010732	1
110.270317	1	0.000976	75
110.270317	2	0.001951	41
110.270317	3	0.002927	27
110.270317	4	0.003902	29
110.270317	5	0.004878	17
110.270317	6	0.005854	8
110.270317	7	0.006829	6
110.270317	8	0.007805	3
110.270317	9	0.008780	3
110.270317	10	0.009756	3
110.270317	40	0.039024	1
110.270317	26	0.025366	1
110.270317	12	0.011707	3
110.270317	42	0.040976	1
110.270317	16	0.015610	3
110.270317	17	0.016585	2
110.270317	21	0.020488	1
110.270317	11	0.010732	3
110.270317	18	0.017561	1
110.270317	29	0.028293	1
110.270317	14	0.013659	2
110.270317	13	0.012683	1
110.270317	28	0.027317	1
110.270317	19	0.018537	1
120.270401	1	0.000976	83
120.270401	2	0.001951	33
120.270401	3	0.002927	27
120.270401	4	0.003902	10
120.270401	5	0.004878	12
120.270401	6	0.005854	6
120.270401	7	0.006829	9
120.270401	8	0.007805	6
120.270401	9	0.008780	2
120.270401	10	0.009756	7
120.270401	17	0.016585	2
120.270401	40	0.039024	1
120.270401	19	0.018537	1
120.270401	39	0.038049	1
120.270401	13	0.012683	3
120.270401	27	0.026341	2
120.270401	11	0.010732	5
120.270401	16	0.015610	1
120.270401	18	0.017561	2
120.270401	12	0.011707	4
120.270401	25	0.024390	2
120.270401	15	0.014634	2
130.270554	1	0.000976	80
130.270554	2	0.001951	29
130.270554	3	0.002927	21
130.270554	4	0.003902	18
130.270554	5	0.004878	10
130.270554	6	0.005854	16
130.270554	7	0.006829	6
130.270554	8	0.007805	4
130.270554	9	0.008780	6
130.270554	10	0.009756	4
130.270554	29	0.028293	1
130.270554	13	0.012683	2
130.270554	40	0.039024	1
130.270554	16	0.015610	3
130.270554	12	0.011707	3
130.270554	26	0.025366	1
130.270554	17	0.016585	3
130.270554	18	0.017561	1
130.270554	11	0.010732	1
130.270554	38	0.037073	1
130.270554	39	0.038049	1
130.270554	20	0.019512	1
130.270554	14	0.013659	2
130.270554	28	0.027317	1
140.270691	1	0.000976	101
140.270691	2	0.001951	32
140.270691	3	0.002927	24
140.270691	4	0.003902	10
140.270691	5	0.004878	12
140.270691	6	0.005854	3
140.270691	7	0.006829	2
140.270691	8	0.007805	5
140.270691	9	0.008780	1
140.270691	10	0.009756	5
140.270691	18	0.017561	2
140.270691	56	0.054634	1
140.270691	21	0.020488	1
140.270691	20	0.019512	1
140.270691	16	0.015610	2
140.270691	14	0.013659	4
140.270691	15	0.014634	2
140.270691	12	0.011707	5
140.270691	24	0.023415	3
140.270691	11	0.010732	4
140.270691	26	0.025366	1
140.270691	13	0.012683	5
140.270691	17	0.016585	1
140.270691	22	0.021463	1
150.270874	1	0.000975	81
150.270874	2	0.001949	39
150.270874	3	0.002924	22
150.270874	4	0.003899	16
150.270874	5	0.004873	9
150.270874	6	0.005848	8
150.270874	7	0.006823	3
150.270874	8	0.007797	7
150.270874	9	0.008772	7
150.270874	10	0.009747	2
150.270874	34	0.033138	2
150.270874	11	0.010721	1
150.270874	15	0.014620	4
150.270874	12	0.011696	3
150.270874	21	0.020468	2
150.270874	14	0.013645	3
150.270874	22	0.021442	2
150.270874	16	0.015595	1
150.270874	17	0.016569	1
150.270874	23	0.022417	1
150.270874	13	0.012671	2
150.270874	20	0.019493	2
150.270874	31	0.030214	1
150.270874	28	0.027290	1
160.270950	1	0.000976	81
160.270950	2	0.001951	37
160.270950	3	0.002927	15
160.270950	4	0.003902	12
160.270950	5	0.004878	12
160.270950	6	0.005854	12
160.270950	7	0.006829	8
160.270950	8	0.007805	2
160.270950	9	0.008780	5
160.270950	10	0.009756	2
160.270950	35	0.034146	1
160.270950	36	0.035122	1
160.270950	11	0.010732	3
160.270950	20	0.019512	1
160.270950	26	0.025366	1
160.270950	27	0.026341	1
160.270950	14	0.013659	3
160.270950	15	0.014634	3
160.270950	30	0.029268	1
160.270950	19	0.018537	2
160.270950	12	0.011707	4
160.270950	21	0.020488	2
160.270950	16	0.015610	1
160.270950	40	0.039024	1
160.270950	17	0.016585	1
160.270950	13	0.012683	1
170.271118	1	0.000976	85
170.271118	2	0.001951	34
170.271118	3	0.002927	23
170.271118	4	0.003902	16
170.271118	5	0.004878	10
170.271118	6	0.005854	11
170.271118	7	0.006829	7
170.271118	8	0.007805	7
170.271118	9	0.008780	3
170.271118	10	0.009756	7
170.271118	30	0.029268	1
170.271118	29	0.028293	1
170.271118	28	0.027317	1
170.271118	79	0.077073	1
170.271118	12	0.011707	2
170.271118	11	0.010732	4
170.271118	19	0.018537	1
170.271118	15	0.014634	1
170.271118	21	0.020488	1
170.271118	20	0.019512	1
170.271118	32	0.031220	1
170.271118	13	0.012683	1
170.271118	17	0.016585	1
170.271118	36	0.035122	1
170.271118	14	0.013659	1
180.271240	1	0.000976	78
180.271240	2	0.001951	31
180.271240	3	0.002927	25
180.271240	4	0.003902	20
180.271240	5	0.004878	20
180.271240	6	0.005854	15
180.271240	7	0.006829	11
180.271240	8	0.007805	4
180.271240	9	0.008780	3
180.271240	10	0.009756	4
180.271240	55	0.053659	1
180.271240	29	0.028293	1
180.271240	27	0.026341	1
180.271240	11	0.010732	4
180.271240	20	0.019512	1
180.271240	17	0.016585	1
180.271240	12	0.011707	3
180.271240	16	0.015610	3
180.271240	19	0.018537	1
180.271240	42	0.040976	1
180.271240	13	0.012683	1
180.271240	14	0.013659	1
190.271347	1	0.000976	77
190.271347	2	0.001951	45
190.271347	3	0.002927	16
190.271347	4	0.003902	25
190.271347	5	0.004878	9
190.271347	6	0.005854	16
190.271347	7	0.006829	3
190.271347	8	0.007805	3
190.271347	9	0.008780	1
190.271347	10	0.009756	3
190.271347	12	0.011707	7
190.271347	15	0.014634	1
190.271347	25	0.024390	1
190.271347	27	0.026341	1
190.271347	28	0.027317	1
190.271347	11	0.010732	5
190.271347	19	0.018537	2
190.271347	13	0.012683	3
190.271347	14	0.013659	3
190.271347	26	0.025366	1
190.271347	16	0.015610	1
190.271347	20	0.019512	1
190.271347	18	0.017561	2
190.271347	34	0.033171	1
200.271454	1	0.000974	91
200.271454	2	0.001947	35
200.271454	3	0.002921	20
200.271454	4	0.003895	11
200.271454	5	0.004869	10
200.271454	6	0.005842	11
200.271454	7	0.006816	11
200.271454	8	0.007790	4
200.271454	9	0.008763	4
200.271454	10	0.009737	3
200.271454	16	0.015579	1
200.271454	13	0.012658	4
200.271454	17	0.016553	1
200.271454	27	0.026290	2
200.271454	14	0.013632	5
200.271454	19	0.018500	2
200.271454	22	0.021422	1
200.271454	40	0.038948	1
200.271454	12	0.011685	2
200.271454	26	0.025316	1
200.271454	29	0.028238	1
200.271454	11	0.010711	1
200.271454	15	0.014606	2
200.271454	18	0.017527	1
200.271454	24	0.023369	1
210.271576	1	0.000972	82
210.271576	2	0.001944	32
210.271576	3	0.002915	23
210.271576	4	0.003887	20
210.271576	5	0.004859	11
210.271576	6	0.005831	7
210.271576	7	0.006803	8
210.271576	8	0.007775	5
210.271576	9	0.008746	4
210.271576	10	0.009718	7
210.271576	15	0.014577	1
210.271576	20	0.019436	2
210.271576	12	0.011662	3
210.271576	11	0.010690	8
210.271576	31	0.030126	1
210.271576	26	0.025267	1
210.271576	21	0.020408	2
210.271576	23	0.022352	1
210.271576	14	0.013605	2
210.271576	16	0.015549	1
210.271576	34	0.033042	1
210.271576	18	0.017493	1
210.271576	19	0.018465	2
220.271774	1	0.000976	74
220.271774	2	0.001951	49
220.271774	3	0.002927	23
220.271774	4	0.003902	16
220.271774	5	0.004878	11
220.271774	6	0.005854	17
220.271774	7	0.006829	4
220.271774	8	0.007805	6
220.271774	9	0.008780	2
220.271774	10	0.009756	2
220.271774	31	0.030244	1
220.271774	52	0.050732	1
220.271774	16	0.015610	3
220.271774	75	0.073171	1
220.271774	18	0.017561	3
220.271774	17	0.016585	1
220.271774	32	0.031220	1
220.271774	22	0.021463	1
220.271774	19	0.018537	2
220.271774	12	0.011707	2
220.271774	34	0.033171	1
220.271774	11	0.010732	2
230.271820	1	0.000975	84
230.271820	2	0.001949	33
230.271820	3	0.002924	24
230.271820	4	0.003899	10
230.271820	5	0.004873	10
230.271820	6	0.005848	14
230.271820	7	0.006823	4
230.271820	8	0.007797	6
230.271820	9	0.008772	4
230.271820	10	0.009747	5
230.271820	13	0.012671	3
230.271820	19	0.018519	2
230.271820	11	0.010721	6
230.271820	33	0.032164	1
230.271820	17	0.016569	2
230.271820	12	0.011696	1
230.271820	37	0.036062	1
230.271820	14	0.013645	1
230.271820	30	0.029240	1
230.271820	35	0.034113	1
230.271820	40	0.038986	1
230.271820	31	0.030214	1
230.271820	16	0.015595	1
230.271820	28	0.027290	1
230.271820	15	0.014620	1
240.271866	1	0.000976	96
240.271866	2	0.001951	51
240.271866	3	0.002927	27
240.271866	4	0.003902	14
240.271866	5	0.004878	11
240.271866	6	0.005854	14
240.271866	7	0.006829	6
240.271866	8	0.007805	8
240.271866	9	0.008780	3
240.271866	10	0.009756	2
240.271866	13	0.012683	5
240.271866	14	0.013659	1
240.271866	16	0.015610	4
240.271866	15	0.014634	1
240.271866	25	0.024390	2
240.271866	21	0.020488	1
240.271866	12	0.011707	2
240.271866	11	0.010732	4
240.271866	19	0.018537	2
240.271866	23	0.022439	1
240.271866	20	0.019512	2
250.271927	1	0.000976	88
250.271927	2	0.001951	42
250.271927	3	0.002927	20
250.271927	4	0.003902	11
250.271927	5	0.004878	17
250.271927	6	0.005854	13
250.271927	7	0.006829	9
250.271927	8	0.007805	6
250.271927	9	0.008780	0
250.271927	10	0.009756	0
250.271927	26	0.025366	2
250.271927	13	0.012683	4
250.271927	21	0.020488	1
250.271927	55	0.053659	1
250.271927	11	0.010732	3
250.271927	40	0.039024	1
250.271927	30	0.029268	1
250.271927	18	0.017561	2
250.271927	20	0.019512	1
250.271927	46	0.044878	1
250.271927	38	0.037073	1
250.271927	22	0.021463	1
250.271927	15	0.014634	2
260.272095	1	0.000976	93
260.272095	2	0.001951	30
260.272095	3	0.002927	15
260.272095	4	0.003902	14
260.272095	5	0.004878	10
260.272095	6	0.005854	7
260.272095	7	0.006829	5
260.272095	8	0.007805	1
260.272095	9	0.008780	10
260.272095	10	0.009756	3
260.272095	28	0.027317	2
260.272095	96	0.093659	1
260.272095	20	0.019512	3
260.272095	15	0.014634	2
260.272095	22	0.021463	1
260.272095	13	0.012683	5
260.272095	27	0.026341	1
260.272095	19	0.018537	2
260.272095	33	0.032195	1
260.272095	14	0.013659	2
260.272095	11	0.010732	1
260.272095	24	0.023415	1
260.272095	26	0.025366	1
270.272247	1	0.000976	86
270.272247	2	0.001951	34
270.272247	3	0.002927	28
270.272247	4	0.003902	10
270.272247	5	0.004878	16
270.272247	6	0.005854	4
270.272247	7	0.006829	10
270.272247	8	0.007805	7
270.272247	9	0.008780	3
270.272247	10	0.009756	7
270.272247	13	0.012683	4
270.272247	15	0.014634	3
270.272247	12	0.011707	4
270.272247	21	0.020488	2
270.272247	22	0.021463	1
270.272247	50	0.048780	1
270.272247	29	0.028293	1
270.272247	19	0.018537	1
270.272247	32	0.031220	1
270.272247	16	0.015610	3
270.272247	11	0.010732	3
280.272308	1	0.000977	84
280.272308	2	0.001953	38
280.272308	3	0.002930	13
280.272308	4	0.003906	12
280.272308	5	0.004883	10
280.272308	6	0.005859	7
280.272308	7	0.006836	9
280.272308	8	0.007812	5
280.272308	9	0.008789	7
280.272308	10	0.009766	5
280.272308	38	0.037109	1
280.272308	58	0.056641	1
280.272308	13	0.012695	5
280.272308	14	0.013672	3
280.272308	34	0.033203	1
280.272308	21	0.020508	2
280.272308	20	0.019531	1
280.272308	27	0.026367	2
280.272308	12	0.011719	1
280.272308	23	0.022461	1
280.272308	15	0.014648	1
280.272308	17	0.016602	1
280.272308	11	0.010742	3
280.272308	16	0.015625	1
290.272461	1	0.000977	65
290.272461	2	0.001953	37
290.272461	3	0.002930	24
290.272461	4	0.003906	13
290.272461	5	0.004883	10
290.272461	6	0.005859	9
290.272461	7	0.006836	7
290.272461	8	0.007812	7
290.272461	9	0.008789	4
290.272461	10	0.009766	2
290.272461	14	0.013672	6
290.272461	13	0.012695	3
290.272461	15	0.014648	1
290.272461	19	0.018555	1
290.272461	23	0.022461	2
290.272461	12	0.011719	3
290.272461	20	0.019531	1
290.272461	18	0.017578	1
290.272461	29	0.028320	1
290.272461	16	0.015625	2
290.272461	35	0.034180	1
290.272461	24	0.023438	2
290.272461	11	0.010742	2
290.272461	26	0.025391	1
290.272461	27	0.026367	1
300.272583	1	0.000977	87
300.272583	2	0.001953	34
300.272583	3	0.002930	19
300.272583	4	0.003906	22
300.272583	5	0.004883	6
300.272583	6	0.005859	10
300.272583	7	0.006836	7
300.272583	8	0.007812	1
300.272583	9	0.008789	7
300.272583	10	0.009766	1
300.272583	24	0.023438	1
300.272583	45	0.043945	1
300.272583	27	0.026367	1
300.272583	65	0.063477	1
300.272583	14	0.013672	2
300.272583	15	0.014648	2
300.272583	12	0.011719	3
300.272583	38	0.037109	1
300.272583	20	0.019531	2
300.272583	16	0.015625	2
300.272583	11	0.010742	2
300.272583	55	0.053711	1
300.272583	33	0.032227	1
300.272583	29	0.028320	1
310.272675	1	0.000976	75
310.272675	2	0.001951	36
310.272675	3	0.002927	18
310.272675	4	0.003902	16
310.272675	5	0.004878	10
310.272675	6	0.005854	10
310.272675	7	0.006829	12
310.272675	8	0.007805	7
310.272675	9	0.008780	2
310.272675	10	0.009756	9
310.272675	17	0.016585	3
310.272675	13	0.012683	4
310.272675	19	0.018537	1
310.272675	11	0.010732	1
310.272675	23	0.022439	1
310.272675	14	0.013659	6
310.272675	12	0.011707	1
310.272675	25	0.024390	1
310.272675	15	0.014634	1
310.272675	21	0.020488	2
310.272675	22	0.021463	2
310.272675	24	0.023415	1
320.272827	1	0.000975	77
320.272827	2	0.001949	48
320.272827	3	0.002924	23
320.272827	4	0.003899	15
320.272827	5	0.004873	4
320.272827	6	0.005848	7
320.272827	7	0.006823	8
320.272827	8	0.007797	11
320.272827	9	0.008772	7
320.272827	10	0.009747	3
320.272827	34	0.033138	1
320.272827	33	0.032164	1
320.272827	26	0.025341	1
320.272827	15	0.014620	2
320.272827	14	0.013645	1
320.272827	13	0.012671	2
320.272827	12	0.011696	6
320.272827	21	0.020468	1
320.272827	17	0.016569	2
320.272827	32	0.031189	1
320.272827	19	0.018519	2
320.272827	11	0.010721	2
320.272827	27	0.026316	1
320.272827	16	0.015595	1
330.272919	1	0.000976	74
330.272919	2	0.001951	23
330.272919	3	0.002927	11
330.272919	4	0.003902	21
330.272919	5	0.004878	14
330.272919	6	0.005854	13
330.272919	7	0.006829	6
330.272919	8	0.007805	5
330.272919	9	0.008780	3
330.272919	10	0.009756	4
330.272919	67	0.065366	1
330.272919	22	0.021463	1
330.272919	48	0.046829	1
330.272919	14	0.013659	3
330.272919	15	0.014634	2
330.272919	30	0.029268	1
330.272919	18	0.017561	2
330.272919	16	0.015610	1
330.272919	21	0.020488	2
330.272919	46	0.044878	1
330.272919	36	0.035122	1
330.272919	19	0.018537	1
330.272919	20	0.019512	1
330.272919	11	0.010732	1
330.272919	13	0.012683	2
340.272980	1	0.000975	85
340.272980	2	0.001949	39
340.272980	3	0.002924	25
340.272980	4	0.003899	17
340.272980	5	0.004873	10
340.272980	6	0.005848	7
340.272980	7	0.006823	7
340.272980	8	0.007797	4
340.272980	9	0.008772	4
340.272980	10	0.009747	4
340.272980	37	0.036062	1
340.272980	14	0.013645	2
340.272980	42	0.040936	1
340.272980	21	0.020468	2
340.272980	17	0.016569	3
340.272980	35	0.034113	1
340.272980	28	0.027290	1
340.272980	20	0.019493	2
340.272980	11	0.010721	3
340.272980	19	0.018519	1
340.272980	18	0.017544	2
340.272980	12	0.011696	3
340.272980	13	0.012671	1
340.272980	15	0.014620	1
340.272980	16	0.015595	1
350.273132	1	0.000976	85
350.273132	2	0.001951	42
350.273132	3	0.002927	24
350.273132	4	0.003902	13
350.273132	5	0.004878	8
350.273132	6	0.005854	13
350.273132	7	0.006829	6
350.273132	8	0.007805	4
350.273132	9	0.008780	2
350.273132	10	0.009756	6
350.273132	38	0.037073	1
350.273132	12	0.011707	4
350.273132	30	0.029268	2
350.273132	22	0.021463	1
350.273132	52	0.050732	1
350.273132	26	0.025366	1
350.273132	11	0.010732	3
350.273132	29	0.028293	2
350.273132	20	0.019512	2
350.273132	13	0.012683	4
350.273132	16	0.015610	1
350.273132	17	0.016585	1
360.273224	1	0.000976	77
360.273224	2	0.001951	40
360.273224	3	0.002927	14
360.273224	4	0.003902	22
360.273224	5	0.004878	16
360.273224	6	0.005854	7
360.273224	7	0.006829	8
360.273224	8	0.007805	7
360.273224	9	0.008780	3
360.273224	10	0.009756	5
360.273224	24	0.023415	2
360.273224	33	0.032195	1
360.273224	13	0.012683	3
360.273224	14	0.013659	3
360.273224	28	0.027317	1
360.273224	32	0.031220	1
360.273224	17	0.016585	1
360.273224	27	0.026341	1
360.273224	15	0.014634	1
360.273224	41	0.040000	1
360.273224	16	0.015610	1
360.273224	18	0.017561	2
360.273224	11	0.010732	2
360.273224	19	0.018537	1
360.273224	12	0.011707	1
370.273346	1	0.000977	106
370.273346	2	0.001953	33
370.273346	3	0.002930	20
370.273346	4	0.003906	14
370.273346	5	0.004883	13
370.273346	6	0.005859	2
370.273346	7	0.006836	9
370.273346	8	0.007812	7
370.273346	9	0.008789	4
370.273346	10	0.009766	4
370.273346	12	0.011719	4
370.273346	15	0.014648	4
370.273346	13	0.012695	7
370.273346	58	0.056641	1
370.273346	16	0.015625	3
370.273346	42	0.041016	1
370.273346	30	0.029297	1
370.273346	20	0.019531	2
370.273346	19	0.018555	1
370.273346	11	0.010742	1
370.273346	17	0.016602	1
380.273560	1	0.000976	75
380.273560	2	0.001951	34
380.273560	3	0.002927	41
380.273560	4	0.003902	15
380.273560	5	0.004878	12
380.273560	6	0.005854	16
380.273560	7	0.006829	3
380.273560	8	0.007805	7
380.273560	9	0.008780	4
380.273560	10	0.009756	3
380.273560	22	0.021463	1
380.273560	44	0.042927	1
380.273560	38	0.037073	1
380.273560	13	0.012683	4
380.273560	29	0.028293	1
380.273560	27	0.026341	1
380.273560	17	0.016585	1
380.273560	11	0.010732	3
380.273560	14	0.013659	1
380.273560	16	0.015610	2
380.273560	23	0.022439	1
380.273560	15	0.014634	1
380.273560	12	0.011707	3
380.273560	18	0.017561	1
390.273743	1	0.000976	71
390.273743	2	0.001951	38
390.273743	3	0.002927	22
390.273743	4	0.003902	12
390.273743	5	0.004878	6
390.273743	6	0.005854	9
390.273743	7	0.006829	5
390.273743	8	0.007805	3
390.273743	9	0.008780	4
390.273743	10	0.009756	3
390.273743	27	0.026341	2
390.273743	15	0.014634	4
390.273743	21	0.020488	2
390.273743	32	0.031220	1
390.273743	11	0.010732	4
390.273743	14	0.013659	3
390.273743	12	0.011707	2
390.273743	35	0.034146	1
390.273743	42	0.040976	1
390.273743	29	0.028293	1
390.273743	17	0.016585	2
390.273743	38	0.037073	1
390.273743	16	0.015610	1
390.273743	37	0.036098	1
390.273743	13	0.012683	2
400.273834	1	0.000976	83
400.273834	2	0.001951	38
400.273834	3	0.002927	35
400.273834	4	0.003902	18
400.273834	5	0.004878	14
400.273834	6	0.005854	5
400.273834	7	0.006829	9
400.273834	8	0.007805	2
400.273834	9	0.008780	5
400.273834	10	0.009756	3
400.273834	16	0.015610	2
400.273834	26	0.025366	1
400.273834	19	0.018537	1
400.273834	11	0.010732	3
400.273834	14	0.013659	3
400.273834	22	0.021463	2
400.273834	12	0.011707	1
400.273834	21	0.020488	2
400.273834	15	0.014634	1
400.273834	44	0.042927	1
400.273834	20	0.019512	2
400.273834	24	0.023415	1
400.273834	18	0.017561	2
400.273834	13	0.012683	2
410.273865	1	0.000975	73
410.273865	2	0.001949	32
410.273865	3	0.002924	21
410.273865	4	0.003899	20
410.273865	5	0.004873	11
410.273865	6	0.005848	8
410.273865	7	0.006823	3
410.273865	8	0.007797	5
410.273865	9	0.008772	3
410.273865	10	0.009747	2
410.273865	17	0.016569	1
410.273865	25	0.024366	2
410.273865	11	0.010721	6
410.273865	12	0.011696	2
410.273865	16	0.015595	2
410.273865	15	0.014620	1
410.273865	19	0.018519	3
410.273865	30	0.029240	1
410.273865	14	0.013645	3
410.273865	38	0.037037	1
410.273865	27	0.026316	2
410.273865	22	0.021442	1
410.273865	21	0.020468	1
410.273865	13	0.012671	1
410.273865	34	0.033138	1
410.273865	20	0.019493	1
420.273987	1	0.000977	90
420.273987	2	0.001953	34
420.273987	3	0.002930	26
420.273987	4	0.003906	14
420.273987	5	0.004883	14
420.273987	6	0.005859	13
420.273987	7	0.006836	4
420.273987	8	0.007812	7
420.273987	9	0.008789	4
420.273987	10	0.009766	4
420.273987	12	0.011719	7
420.273987	63	0.061523	1
420.273987	14	0.013672	2
420.273987	21	0.020508	2
420.273987	30	0.029297	1
420.273987	29	0.028320	1
420.273987	15	0.014648	2
420.273987	18	0.017578	1
420.273987	31	0.030273	1
420.273987	22	0.021484	1
420.273987	19	0.018555	1
420.273987	11	0.010742	1
420.273987	17	0.016602	1
430.274109	1	0.000976	77
430.274109	2	0.001951	39
430.274109	3	0.002927	18
430.274109	4	0.003902	14
430.274109	5	0.004878	18
430.274109	6	0.005854	14
430.274109	7	0.006829	9
430.274109	8	0.007805	3
430.274109	9	0.008780	6
430.274109	10	0.009756	2
430.274109	33	0.032195	1
430.274109	27	0.026341	1
430.274109	20	0.019512	1
430.274109	13	0.012683	3
430.274109	38	0.037073	1
430.274109	12	0.011707	1
430.274109	45	0.043902	1
430.274109	22	0.021463	1
430.274109	18	0.017561	5
430.274109	31	0.030244	1
430.274109	28	0.027317	1
430.274109	15	0.014634	1
430.274109	14	0.013659	1
430.274109	11	0.010732	1
440.274170	1	0.000976	79
440.274170	2	0.001951	36
440.274170	3	0.002927	21
440.274170	4	0.003902	15
440.274170	5	0.004878	9
440.274170	6	0.005854	8
440.274170	7	0.006829	7
440.274170	8	0.007805	6
440.274170	9	0.008780	3
440.274170	10	0.009756	5
440.274170	14	0.013659	2
440.274170	20	0.019512	1
440.274170	23	0.022439	3
440.274170	51	0.049756	1
440.274170	13	0.012683	3
440.274170	15	0.014634	1
440.274170	29	0.028293	1
440.274170	27	0.026341	1
440.274170	16	0.015610	4
440.274170	25	0.024390	1
440.274170	12	0.011707	5
440.274170	18	0.017561	1
440.274170	11	0.010732	2
440.274170	17	0.016585	1
450.274292	1	0.000973	82
450.274292	2	0.001946	44
450.274292	3	0.002918	27
450.274292	4	0.003891	24
450.274292	5	0.004864	4
450.274292	6	0.005837	9
450.274292	7	0.006809	6
450.274292	8	0.007782	9
450.274292	9	0.008755	3
450.274292	10	0.009728	0
450.274292	16	0.015564	3
450.274292	18	0.017510	1
450.274292	39	0.037938	1
450.274292	41	0.039883	1
450.274292	17	0.016537	3
450.274292	13	0.012646	3
450.274292	47	0.045720	1
450.274292	11	0.010700	2
450.274292	23	0.022374	1
450.274292	21	0.020428	1
450.274292	14	0.013619	2
450.274292	38	0.036965	1
450.274292	15	0.014591	1
450.274292	12	0.011673	3
460.274414	1	0.000974	65
460.274414	2	0.001947	26
460.274414	3	0.002921	27
460.274414	4	0.003895	15
460.274414	5	0.004869	9
460.274414	6	0.005842	8
460.274414	7	0.006816	5
460.274414	8	0.007790	8
460.274414	9	0.008763	2
460.274414	10	0.009737	2
460.274414	16	0.015579	4
460.274414	21	0.020448	3
460.274414	12	0.011685	3
460.274414	14	0.013632	4
460.274414	11	0.010711	7
460.274414	17	0.016553	3
460.274414	30	0.029211	1
460.274414	46	0.044791	1
460.274414	36	0.035054	1
460.274414	22	0.021422	1
460.274414	40	0.038948	1
460.274414	18	0.017527	1
470.274445	1	0.000976	83
470.274445	2	0.001951	33
470.274445	3	0.002927	16
470.274445	4	0.003902	22
470.274445	5	0.004878	8
470.274445	6	0.005854	9
470.274445	7	0.006829	4
470.274445	8	0.007805	9
470.274445	9	0.008780	2
470.274445	10	0.009756	4
470.274445	22	0.021463	1
470.274445	12	0.011707	1
470.274445	32	0.031220	1
470.274445	17	0.016585	1
470.274445	49	0.047805	1
470.274445	25	0.024390	1
470.274445	16	0.015610	2
470.274445	11	0.010732	4
470.274445	20	0.019512	1
470.274445	36	0.035122	1
470.274445	19	0.018537	2
470.274445	21	0.020488	1
470.274445	14	0.013659	1
470.274445	29	0.028293	1
470.274445	24	0.023415	1
470.274445	15	0.014634	1
470.274445	45	0.043902	1
470.274445	13	0.012683	1
480.274506	1	0.000976	77
480.274506	2	0.001951	33
480.274506	3	0.002927	19
480.274506	4	0.003902	18
480.274506	5	0.004878	12
480.274506	6	0.005854	9
480.274506	7	0.006829	6
480.274506	8	0.007805	10
480.274506	9	0.008780	2
480.274506	10	0.009756	5
480.274506	13	0.012683	2
480.274506	12	0.011707	4
480.274506	22	0.021463	1
480.274506	32	0.031220	2
480.274506	11	0.010732	5
480.274506	39	0.038049	1
480.274506	31	0.030244	1
480.274506	24	0.023415	1
480.274506	25	0.024390	1
480.274506	14	0.013659	2
480.274506	17	0.016585	2
480.274506	16	0.015610	1
480.274506	19	0.018537	1
480.274506	18	0.017561	1
490.274597	1	0.000976	85
490.274597	2	0.001951	43
490.274597	3	0.002927	23
490.274597	4	0.003902	17
490.274597	5	0.004878	9
490.274597	6	0.005854	15
490.274597	7	0.006829	5
490.274597	8	0.007805	6
490.274597	9	0.008780	5
490.274597	10	0.009756	3
490.274597	24	0.023415	1
490.274597	19	0.018537	1
490.274597	18	0.017561	1
490.274597	11	0.010732	6
490.274597	17	0.016585	5
490.274597	29	0.028293	1
490.274597	14	0.013659	2
490.274597	15	0.014634	1
490.274597	22	0.021463	2
490.274597	39	0.038049	1
490.274597	12	0.011707	1
490.274597	25	0.024390	1
490.274597	20	0.019512	1
500.274780	1	0.000976	78
500.274780	2	0.001951	35
500.274780	3	0.002927	27
500.274780	4	0.003902	14
500.274780	5	0.004878	10
500.274780	6	0.005854	7
500.274780	7	0.006829	6
500.274780	8	0.007805	6
500.274780	9	0.008780	6
500.274780	10	0.009756	5
500.274780	30	0.029268	1
500.274780	18	0.017561	2
500.274780	21	0.020488	1
500.274780	23	0.022439	2
500.274780	43	0.041951	1
500.274780	11	0.010732	5
500.274780	15	0.014634	4
500.274780	27	0.026341	1
500.274780	16	0.015610	1
500.274780	31	0.030244	1
500.274780	36	0.035122	1
500.274780	17	0.016585	2
500.274780	19	0.018537	1
510.274933	1	0.000976	78
510.274933	2	0.001951	38
510.274933	3	0.002927	21
510.274933	4	0.003902	21
510.274933	5	0.004878	6
510.274933	6	0.005854	9
510.274933	7	0.006829	10
510.274933	8	0.007805	6
510.274933	9	0.008780	9
510.274933	10	0.009756	6
510.274933	36	0.035122	1
510.274933	16	0.015610	2
510.274933	11	0.010732	5
510.274933	19	0.018537	1
510.274933	27	0.026341	2
510.274933	17	0.016585	2
510.274933	12	0.011707	2
510.274933	24	0.023415	1
510.274933	26	0.025366	1
510.274933	14	0.013659	1
510.274933	18	0.017561	1
510.274933	15	0.014634	3
520.275024	1	0.000976	74
520.275024	2	0.001951	31
520.275024	3	0.002927	23
520.275024	4	0.003902	24
520.275024	5	0.004878	11
520.275024	6	0.005854	6
520.275024	7	0.006829	5
520.275024	8	0.007805	6
520.275024	9	0.008780	6
520.275024	10	0.009756	6
520.275024	14	0.013659	4
520.275024	16	0.015610	2
520.275024	17	0.016585	1
520.275024	30	0.029268	2
520.275024	12	0.011707	4
520.275024	13	0.012683	1
520.275024	26	0.025366	1
520.275024	20	0.019512	3
520.275024	11	0.010732	3
520.275024	25	0.024390	1
520.275024	18	0.017561	2
520.275024	15	0.014634	2
530.275146	1	0.000976	116
530.275146	2	0.001951	20
530.275146	3	0.002927	23
530.275146	4	0.003902	16
530.275146	5	0.004878	8
530.275146	6	0.005854	10
530.275146	7	0.006829	7
530.275146	8	0.007805	5
530.275146	9	0.008780	2
530.275146	10	0.009756	2
530.275146	16	0.015610	3
530.275146	11	0.010732	4
530.275146	13	0.012683	1
530.275146	20	0.019512	2
530.275146	30	0.029268	1
530.275146	23	0.022439	1
530.275146	32	0.031220	1
530.275146	12	0.011707	3
530.275146	65	0.063415	1
530.275146	27	0.026341	1
530.275146	15	0.014634	2
530.275146	17	0.016585	2
530.275146	33	0.032195	1
530.275146	14	0.013659	2
530.275146	26	0.025366	1
540.275269	1	0.000976	96
540.275269	2	0.001951	35
540.275269	3	0.002927	24
540.275269	4	0.003902	10
540.275269	5	0.004878	7
540.275269	6	0.005854	13
540.275269	7	0.006829	13
540.275269	8	0.007805	4
540.275269	9	0.008780	4
540.275269	10	0.009756	4
540.275269	36	0.035122	1
540.275269	15	0.014634	2
540.275269	27	0.026341	1
540.275269	24	0.023415	1
540.275269	12	0.011707	2
540.275269	13	0.012683	5
540.275269	16	0.015610	1
540.275269	11	0.010732	2
540.275269	29	0.028293	1
540.275269	19	0.018537	1
540.275269	25	0.024390	1
540.275269	21	0.020488	2
540.275269	44	0.042927	1
540.275269	14	0.013659	1
540.275269	18	0.017561	1
550.275330	1	0.000975	74
550.275330	2	0.001949	36
550.275330	3	0.002924	23
550.275330	4	0.003899	7
550.275330	5	0.004873	11
550.275330	6	0.005848	8
550.275330	7	0.006823	6
550.275330	8	0.007797	3
550.275330	9	0.008772	6
550.275330	10	0.009747	9
550.275330	15	0.014620	2
550.275330	14	0.013645	6
550.275330	24	0.023392	2
550.275330	13	0.012671	1
550.275330	21	0.020468	1
550.275330	53	0.051657	1
550.275330	17	0.016569	2
550.275330	28	0.027290	1
550.275330	16	0.015595	2
550.275330	12	0.011696	3
550.275330	39	0.038012	1
550.275330	19	0.018519	1
550.275330	22	0.021442	1
550.275330	11	0.010721	1
560.275513	1	0.000976	81
560.275513	2	0.001951	35
560.275513	3	0.002927	24
560.275513	4	0.003902	12
560.275513	5	0.004878	13
560.275513	6	0.005854	8
560.275513	7	0.006829	8
560.275513	8	0.007805	6
560.275513	9	0.008780	7
560.275513	10	0.009756	8
560.275513	18	0.017561	1
560.275513	35	0.034146	1
560.275513	11	0.010732	4
560.275513	19	0.018537	2
560.275513	37	0.036098	1
560.275513	14	0.013659	3
560.275513	12	0.011707	2
560.275513	15	0.014634	2
560.275513	13	0.012683	1
560.275513	17	0.016585	4
560.275513	29	0.028293	1
560.275513	16	0.015610	1
570.275574	1	0.000976	87
570.275574	2	0.001951	29
570.275574	3	0.002927	18
570.275574	4	0.003902	21
570.275574	5	0.004878	11
570.275574	6	0.005854	11
570.275574	7	0.006829	7
570.275574	8	0.007805	9
570.275574	9	0.008780	4
570.275574	10	0.009756	3
570.275574	31	0.030244	1
570.275574	36	0.035122	1
570.275574	11	0.010732	4
570.275574	25	0.024390	1
570.275574	44	0.042927	1
570.275574	16	0.015610	1
570.275574	13	0.012683	3
570.275574	14	0.013659	3
570.275574	18	0.017561	1
570.275574	12	0.011707	1
570.275574	22	0.021463	1
570.275574	21	0.020488	1
570.275574	30	0.029268	1
570.275574	37	0.036098	1
570.275574	17	0.016585	1
580.275757	1	0.000976	72
580.275757	2	0.001951	47
580.275757	3	0.002927	28
580.275757	4	0.003902	14
580.275757	5	0.004878	5
580.275757	6	0.005854	9
580.275757	7	0.006829	6
580.275757	8	0.007805	8
580.275757	9	0.008780	4
580.275757	10	0.009756	8
580.275757	15	0.014634	4
580.275757	11	0.010732	6
580.275757	23	0.022439	1
580.275757	13	0.012683	4
580.275757	17	0.016585	2
580.275757	22	0.021463	2
580.275757	27	0.026341	1
580.275757	14	0.013659	1
580.275757	18	0.017561	2
580.275757	12	0.011707	2
580.275757	19	0.018537	2
590.275818	1	0.000973	81
590.275818	2	0.001946	36
590.275818	3	0.002918	23
590.275818	4	0.003891	17
590.275818	5	0.004864	10
590.275818	6	0.005837	13
590.275818	7	0.006809	6
590.275818	8	0.007782	4
590.275818	9	0.008755	6
590.275818	10	0.009728	5
590.275818	19	0.018482	1
590.275818	28	0.027237	2
590.275818	44	0.042802	1
590.275818	22	0.021401	1
590.275818	12	0.011673	4
590.275818	29	0.028210	1
590.275818	13	0.012646	3
590.275818	16	0.015564	2
590.275818	14	0.013619	1
590.275818	17	0.016537	1
590.275818	23	0.022374	1
590.275818	11	0.010700	3
590.275818	35	0.034047	1
590.275818	21	0.020428	1
600.276001	1	0.000974	98
600.276001	2	0.001947	31
600.276001	3	0.002921	18
600.276001	4	0.003895	14
600.276001	5	0.004869	11
600.276001	6	0.005842	8
600.276001	7	0.006816	7
600.276001	8	0.007790	7
600.276001	9	0.008763	5
600.276001	10	0.009737	3
600.276001	14	0.013632	4
600.276001	28	0.027264	1
600.276001	15	0.014606	1
600.276001	31	0.030185	1
600.276001	17	0.016553	1
600.276001	37	0.036027	1
600.276001	34	0.033106	2
600.276001	11	0.010711	3
600.276001	16	0.015579	1
600.276001	18	0.017527	1
600.276001	42	0.040896	1
600.276001	12	0.011685	2
600.276001	30	0.029211	1
600.276001	19	0.018500	1
600.276001	13	0.012658	1
600.276001	27	0.026290	1
610.276062	1	0.000975	76
610.276062	2	0.001949	38
610.276062	3	0.002924	29
610.276062	4	0.003899	22
610.276062	5	0.004873	12
610.276062	6	0.005848	8
610.276062	7	0.006823	11
610.276062	8	0.007797	5
610.276062	9	0.008772	3
610.276062	10	0.009747	2
610.276062	14	0.013645	3
610.276062	22	0.021442	1
610.276062	12	0.011696	2
610.276062	13	0.012671	2
610.276062	24	0.023392	1
610.276062	23	0.022417	2
610.276062	20	0.019493	1
610.276062	16	0.015595	2
610.276062	33	0.032164	2
610.276062	26	0.025341	2
610.276062	19	0.018519	1
610.276062	11	0.010721	2
610.276062	15	0.014620	1
610.276062	17	0.016569	1
620.276245	1	0.000975	86
620.276245	2	0.001949	41
620.276245	3	0.002924	27
620.276245	4	0.003899	21
620.276245	5	0.004873	14
620.276245	6	0.005848	14
620.276245	7	0.006823	6
620.276245	8	0.007797	6
620.276245	9	0.008772	5
620.276245	10	0.009747	3
620.276245	17	0.016569	2
620.276245	49	0.047758	1
620.276245	44	0.042885	1
620.276245	11	0.010721	4
620.276245	45	0.043860	1
620.276245	15	0.014620	1
620.276245	12	0.011696	2
620.276245	26	0.025341	1
620.276245	16	0.015595	1
620.276245	29	0.028265	1
620.276245	35	0.034113	1
620.276245	13	0.012671	1
630.276306	1	0.000976	81
630.276306	2	0.001951	27
630.276306	3	0.002927	25
630.276306	4	0.003902	16
630.276306	5	0.004878	11
630.276306	6	0.005854	13
630.276306	7	0.006829	11
630.276306	8	0.007805	6
630.276306	9	0.008780	7
630.276306	10	0.009756	2
630.276306	44	0.042927	1
630.276306	11	0.010732	2
630.276306	19	0.018537	2
630.276306	25	0.024390	1
630.276306	16	0.015610	2
630.276306	14	0.013659	1
630.276306	17	0.016585	1
630.276306	24	0.023415	1
630.276306	20	0.019512	1
630.276306	28	0.027317	1
630.276306	18	0.017561	1
630.276306	33	0.032195	1
630.276306	23	0.022439	1
630.276306	26	0.025366	1
630.276306	21	0.020488	1
630.276306	13	0.012683	1
630.276306	12	0.011707	1
640.276428	1	0.000972	79
640.276428	2	0.001944	34
640.276428	3	0.002915	22
640.276428	4	0.003887	15
640.276428	5	0.004859	10
640.276428	6	0.005831	5
640.276428	7	0.006803	9
640.276428	8	0.007775	7
640.276428	9	0.008746	5
640.276428	10	0.009718	7
640.276428	16	0.015549	2
640.276428	14	0.013605	2
640.276428	19	0.018465	1
640.276428	51	0.049563	1
640.276428	15	0.014577	2
640.276428	13	0.012634	2
640.276428	30	0.029155	2
640.276428	21	0.020408	2
640.276428	24	0.023324	1
640.276428	33	0.032070	1
640.276428	17	0.016521	2
640.276428	11	0.010690	3
640.276428	18	0.017493	1
640.276428	12	0.011662	1
650.276611	1	0.000976	92
650.276611	2	0.001951	35
650.276611	3	0.002927	18
650.276611	4	0.003902	14
650.276611	5	0.004878	8
650.276611	6	0.005854	13
650.276611	7	0.006829	6
650.276611	8	0.007805	7
650.276611	9	0.008780	5
650.276611	10	0.009756	4
650.276611	54	0.052683	1
650.276611	17	0.016585	2
650.276611	65	0.063415	1
650.276611	21	0.020488	1
650.276611	18	0.017561	1
650.276611	20	0.019512	3
650.276611	28	0.027317	1
650.276611	13	0.012683	3
650.276611	11	0.010732	1
650.276611	30	0.029268	1
650.276611	12	0.011707	2
650.276611	23	0.022439	1
650.276611	29	0.028293	1
650.276611	16	0.015610	1
660.276733	1	0.000976	91
660.276733	2	0.001951	30
660.276733	3	0.002927	26
660.276733	4	0.003902	12
660.276733	5	0.004878	13
660.276733	6	0.005854	9
660.276733	7	0.006829	9
660.276733	8	0.007805	10
660.276733	9	0.008780	4
660.276733	10	0.009756	6
660.276733	34	0.033171	1
660.276733	11	0.010732	8
660.276733	12	0.011707	2
660.276733	13	0.012683	3
660.276733	45	0.043902	1
660.276733	17	0.016585	1
660.276733	21	0.020488	1
660.276733	16	0.015610	2
660.276733	20	0.019512	1
660.276733	14	0.013659	1
660.276733	24	0.023415	1
660.276733	32	0.031220	1
670.276855	1	0.000976	71
670.276855	2	0.001951	30
670.276855	3	0.002927	19
670.276855	4	0.003902	13
670.276855	5	0.004878	9
670.276855	6	0.005854	8
670.276855	7	0.006829	8
670.276855	8	0.007805	13
670.276855	9	0.008780	2
670.276855	10	0.009756	5
670.276855	11	0.010732	5
670.276855	20	0.019512	1
670.276855	30	0.029268	1
670.276855	36	0.035122	1
670.276855	12	0.011707	3
670.276855	21	0.020488	1
670.276855	13	0.012683	3
670.276855	15	0.014634	2
670.276855	60	0.058537	1
670.276855	14	0.013659	3
670.276855	40	0.039024	1
670.276855	22	0.021463	1
670.276855	17	0.016585	1
670.276855	16	0.015610	1
680.276917	1	0.000976	78
680.276917	2	0.001951	34
680.276917	3	0.002927	21
680.276917	4	0.003902	19
680.276917	5	0.004878	13
680.276917	6	0.005854	9
680.276917	7	0.006829	12
680.276917	8	0.007805	4
680.276917	9	0.008780	4
680.276917	10	0.009756	5
680.276917	34	0.033171	1
680.276917	24	0.023415	1
680.276917	17	0.016585	1
680.276917	14	0.013659	3
680.276917	33	0.032195	1
680.276917	23	0.022439	1
680.276917	16	0.015610	1
680.276917	19	0.018537	2
680.276917	11	0.010732	2
680.276917	29	0.028293	1
680.276917	26	0.025366	1
680.276917	13	0.012683	2
680.276917	44	0.042927	1
680.276917	18	0.017561	1
680.276917	27	0.026341	1
690.277039	1	0.000973	85
690.277039	2	0.001946	28
690.277039	3	0.002918	26
690.277039	4	0.003891	17
690.277039	5	0.004864	17
690.277039	6	0.005837	10
690.277039	7	0.006809	2
690.277039	8	0.007782	4
690.277039	9	0.008755	8
690.277039	10	0.009728	3
690.277039	11	0.010700	3
690.277039	15	0.014591	2
690.277039	33	0.032101	1
690.277039	31	0.030156	1
690.277039	30	0.029183	1
690.277039	23	0.022374	2
690.277039	25	0.024319	1
690.277039	14	0.013619	3
690.277039	20	0.019455	2
690.277039	12	0.011673	1
690.277039	24	0.023346	1
690.277039	36	0.035019	1
690.277039	19	0.018482	1
690.277039	17	0.016537	2
690.277039	13	0.012646	1
700.277161	1	0.000973	65
700.277161	2	0.001946	42
700.277161	3	0.002918	15
700.277161	4	0.003891	25
700.277161	5	0.004864	11
700.277161	6	0.005837	6
700.277161	7	0.006809	7
700.277161	8	0.007782	6
700.277161	9	0.008755	8
700.277161	10	0.009728	5
700.277161	40	0.038911	2
700.277161	11	0.010700	2
700.277161	21	0.020428	2
700.277161	23	0.022374	2
700.277161	14	0.013619	3
700.277161	15	0.014591	2
700.277161	13	0.012646	2
700.277161	12	0.011673	3
700.277161	19	0.018482	2
700.277161	35	0.034047	1
700.277161	27	0.026265	1
710.277283	1	0.000976	83
710.277283	2	0.001951	29
710.277283	3	0.002927	24
710.277283	4	0.003902	8
710.277283	5	0.004878	17
710.277283	6	0.005854	8
710.277283	7	0.006829	8
710.277283	8	0.007805	7
710.277283	9	0.008780	7
710.277283	10	0.009756	4
710.277283	20	0.019512	4
710.277283	17	0.016585	2
710.277283	19	0.018537	3
710.277283	31	0.030244	1
710.277283	15	0.014634	3
710.277283	14	0.013659	2
710.277283	12	0.011707	4
710.277283	29	0.028293	1
710.277283	11	0.010732	2
710.277283	32	0.031220	1
710.277283	13	0.012683	2
720.277527	1	0.000976	72
720.277527	2	0.001951	36
720.277527	3	0.002927	19
720.277527	4	0.003902	19
720.277527	5	0.004878	12
720.277527	6	0.005854	10
720.277527	7	0.006829	6
720.277527	8	0.007805	11
720.277527	9	0.008780	6
720.277527	10	0.009756	6
720.277527	21	0.020488	1
720.277527	44	0.042927	1
720.277527	33	0.032195	1
720.277527	27	0.026341	1
720.277527	14	0.013659	3
720.277527	25	0.024390	1
720.277527	26	0.025366	1
720.277527	16	0.015610	1
720.277527	50	0.048780	1
720.277527	11	0.010732	4
720.277527	12	0.011707	3
720.277527	20	0.019512	1
730.277649	1	0.000976	75
730.277649	2	0.001951	40
730.277649	3	0.002927	24
730.277649	4	0.003902	9
730.277649	5	0.004878	10
730.277649	6	0.005854	13
730.277649	7	0.006829	8
730.277649	8	0.007805	6
730.277649	9	0.008780	7
730.277649	10	0.009756	4
730.277649	11	0.010732	7
730.277649	25	0.024390	2
730.277649	13	0.012683	2
730.277649	26	0.025366	1
730.277649	27	0.026341	1
730.277649	18	0.017561	2
730.277649	17	0.016585	1
730.277649	16	0.015610	2
730.277649	56	0.054634	1
730.277649	30	0.029268	1
730.277649	23	0.022439	1
730.277649	15	0.014634	1
730.277649	12	0.011707	1
740.277710	1	0.000977	93
740.277710	2	0.001953	34
740.277710	3	0.002930	24
740.277710	4	0.003906	17
740.277710	5	0.004883	11
740.277710	6	0.005859	10
740.277710	7	0.006836	14
740.277710	8	0.007812	5
740.277710	9	0.008789	8
740.277710	10	0.009766	4
740.277710	12	0.011719	2
740.277710	15	0.014648	2
740.277710	22	0.021484	1
740.277710	24	0.023438	2
740.277710	18	0.017578	2
740.277710	25	0.024414	1
740.277710	20	0.019531	1
740.277710	14	0.013672	1
740.277710	35	0.034180	1
740.277710	11	0.010742	4
740.277710	13	0.012695	2
740.277710	17	0.016602	2
750.277771	1	0.000977	88
750.277771	2	0.001953	39
750.277771	3	0.002930	21
750.277771	4	0.003906	24
750.277771	5	0.004883	16
750.277771	6	0.005859	13
750.277771	7	0.006836	4
750.277771	8	0.007812	6
750.277771	9	0.008789	7
750.277771	10	0.009766	4
750.277771	25	0.024414	1
750.277771	12	0.011719	1
750.277771	15	0.014648	1
750.277771	11	0.010742	3
750.277771	80	0.078125	1
750.277771	57	0.055664	1
750.277771	16	0.015625	2
750.277771	17	0.016602	2
750.277771	14	0.013672	1
750.277771	33	0.032227	1
750.277771	27	0.026367	1
760.277954	1	0.000973	72
760.277954	2	0.001946	35
760.277954	3	0.002918	24
760.277954	4	0.003891	8
760.277954	5	0.004864	12
760.277954	6	0.005837	3
760.277954	7	0.006809	7
760.277954	8	0.007782	4
760.277954	9	0.008755	7
760.277954	10	0.009728	6
760.277954	27	0.026265	1
760.277954	11	0.010700	5
760.277954	15	0.014591	2
760.277954	30	0.029183	1
760.277954	20	0.019455	1
760.277954	12	0.011673	4
760.277954	21	0.020428	1
760.277954	29	0.028210	2
760.277954	31	0.030156	2
760.277954	24	0.023346	2
760.277954	17	0.016537	1
760.277954	22	0.021401	1
760.277954	18	0.017510	2
760.277954	13	0.012646	2
770.278015	1	0.000977	80
770.278015	2	0.001953	51
770.278015	3	0.002930	15
770.278015	4	0.003906	21
770.278015	5	0.004883	8
770.278015	6	0.005859	8
770.278015	7	0.006836	12
770.278015	8	0.007812	7
770.278015	9	0.008789	4
770.278015	10	0.009766	3
770.278015	13	0.012695	1
770.278015	20	0.019531	1
770.278015	17	0.016602	3
770.278015	11	0.010742	5
770.278015	29	0.028320	2
770.278015	15	0.014648	5
770.278015	30	0.029297	1
770.278015	36	0.035156	1
770.278015	12	0.011719	1
770.278015	26	0.025391	1
770.278015	16	0.015625	1
770.278015	27	0.026367	1
780.278198	1	0.000976	77
780.278198	2	0.001951	39
780.278198	3	0.002927	17
780.278198	4	0.003902	19
780.278198	5	0.004878	12
780.278198	6	0.005854	5
780.278198	7	0.006829	8
780.278198	8	0.007805	2
780.278198	9	0.008780	4
780.278198	10	0.009756	5
780.278198	22	0.021463	1
780.278198	21	0.020488	1
780.278198	32	0.031220	1
780.278198	15	0.014634	1
780.278198	12	0.011707	1
780.278198	16	0.015610	3
780.278198	11	0.010732	1
780.278198	40	0.039024	1
780.278198	18	0.017561	1
780.278198	17	0.016585	3
780.278198	13	0.012683	3
780.278198	51	0.049756	1
780.278198	23	0.022439	1
780.278198	68	0.066341	1
780.278198	25	0.024390	1
780.278198	19	0.018537	1
790.278381	1	0.000976	84
790.278381	2	0.001951	26
790.278381	3	0.002927	20
790.278381	4	0.003902	21
790.278381	5	0.004878	16
790.278381	6	0.005854	7
790.278381	7	0.006829	8
790.278381	8	0.007805	4
790.278381	9	0.008780	3
790.278381	10	0.009756	6
790.278381	32	0.031220	1
790.278381	12	0.011707	4
790.278381	13	0.012683	1
790.278381	16	0.015610	3
790.278381	11	0.010732	9
790.278381	18	0.017561	3
790.278381	19	0.018537	2
790.278381	15	0.014634	3
790.278381	14	0.013659	3
790.278381	29	0.028293	1
800.278503	1	0.000976	90
800.278503	2	0.001951	36
800.278503	3	0.002927	32
800.278503	4	0.003902	19
800.278503	5	0.004878	11
800.278503	6	0.005854	10
800.278503	7	0.006829	11
800.278503	8	0.007805	5
800.278503	9	0.008780	3
800.278503	10	0.009756	3
800.278503	20	0.019512	1
800.278503	19	0.018537	3
800.278503	13	0.012683	3
800.278503	11	0.010732	3
800.278503	28	0.027317	3
800.278503	39	0.038049	1
800.278503	12	0.011707	2
800.278503	15	0.014634	2
800.278503	26	0.025366	1
800.278503	18	0.017561	1
800.278503	16	0.015610	2
810.278625	1	0.000974	75
810.278625	2	0.001947	27
810.278625	3	0.002921	30
810.278625	4	0.003895	16
810.278625	5	0.004869	16
810.278625	6	0.005842	6
810.278625	7	0.006816	6
810.278625	8	0.007790	5
810.278625	9	0.008763	4
810.278625	10	0.009737	1
810.278625	14	0.013632	6
810.278625	54	0.052580	1
810.278625	18	0.017527	1
810.278625	15	0.014606	1
810.278625	16	0.015579	3
810.278625	22	0.021422	1
810.278625	11	0.010711	2
810.278625	27	0.026290	1
810.278625	13	0.012658	1
810.278625	12	0.011685	3
810.278625	53	0.051607	1
810.278625	17	0.016553	1
810.278625	20	0.019474	1
810.278625	29	0.028238	1
810.278625	19	0.018500	1
810.278625	23	0.022395	1
820.278748	1	0.000973	80
820.278748	2	0.001946	39
820.278748	3	0.002918	25
820.278748	4	0.003891	10
820.278748	5	0.004864	15
820.278748	6	0.005837	12
820.278748	7	0.006809	3
820.278748	8	0.007782	2
820.278748	9	0.008755	5
820.278748	10	0.009728	3
820.278748	14	0.013619	3
820.278748	32	0.031128	1
820.278748	38	0.036965	1
820.278748	15	0.014591	4
820.278748	20	0.019455	1
820.278748	19	0.018482	1
820.278748	24	0.023346	1
820.278748	30	0.029183	2
820.278748	28	0.027237	1
820.278748	31	0.030156	1
820.278748	16	0.015564	1
820.278748	21	0.020428	1
820.278748	22	0.021401	1
820.278748	13	0.012646	1
820.278748	12	0.011673	4
820.278748	11	0.010700	2
830.278809	1	0.000976	102
830.278809	2	0.001951	38
830.278809	3	0.002927	23
830.278809	4	0.003902	9
830.278809	5	0.004878	10
830.278809	6	0.005854	7
830.278809	7	0.006829	6
830.278809	8	0.007805	9
830.278809	9	0.008780	8
830.278809	10	0.009756	3
830.278809	12	0.011707	1
830.278809	15	0.014634	2
830.278809	13	0.012683	3
830.278809	38	0.037073	1
830.278809	17	0.016585	3
830.278809	29	0.028293	1
830.278809	31	0.030244	1
830.278809	21	0.020488	3
830.278809	11	0.010732	2
830.278809	19	0.018537	2
830.278809	24	0.023415	1
830.278809	14	0.013659	1
830.278809	25	0.024390	1
830.278809	18	0.017561	1
840.278931	1	0.000976	85
840.278931	2	0.001951	35
840.278931	3	0.002927	24
840.278931	4	0.003902	14
840.278931	5	0.004878	13
840.278931	6	0.005854	6
840.278931	7	0.006829	7
840.278931	8	0.007805	8
840.278931	9	0.008780	3
840.278931	10	0.009756	5
840.278931	34	0.033171	1
840.278931	30	0.029268	2
840.278931	19	0.018537	1
840.278931	15	0.014634	1
840.278931	20	0.019512	2
840.278931	16	0.015610	2
840.278931	23	0.022439	2
840.278931	22	0.021463	1
840.278931	24	0.023415	1
840.278931	13	0.012683	1
840.278931	26	0.025366	1
840.278931	14	0.013659	2
840.278931	11	0.010732	3
840.278931	18	0.017561	1
840.278931	12	0.011707	2
840.278931	17	0.016585	1
850.279114	1	0.000976	85
850.279114	2	0.001951	40
850.279114	3	0.002927	21
850.279114	4	0.003902	18
850.279114	5	0.004878	10
850.279114	6	0.005854	10
850.279114	7	0.006829	6
850.279114	8	0.007805	5
850.279114	9	0.008780	6
850.279114	10	0.009756	7
850.279114	14	0.013659	5
850.279114	20	0.019512	3
850.279114	16	0.015610	3
850.279114	40	0.039024	1
850.279114	21	0.020488	1
850.279114	12	0.011707	3
850.279114	13	0.012683	2
850.279114	18	0.017561	2
850.279114	27	0.026341	1
850.279114	19	0.018537	1
850.279114	15	0.014634	1
850.279114	11	0.010732	1
860.279175	1	0.000976	55
860.279175	2	0.001951	42
860.279175	3	0.002927	20
860.279175	4	0.003902	14
860.279175	5	0.004878	12
860.279175	6	0.005854	8
860.279175	7	0.006829	3
860.279175	8	0.007805	4
860.279175	9	0.008780	7
860.279175	10	0.009756	4
860.279175	38	0.037073	1
860.279175	12	0.011707	1
860.279175	18	0.017561	2
860.279175	17	0.016585	4
860.279175	34	0.033171	1
860.279175	11	0.010732	4
860.279175	32	0.031220	1
860.279175	16	0.015610	4
860.279175	13	0.012683	2
860.279175	29	0.028293	1
860.279175	21	0.020488	2
860.279175	27	0.026341	1
860.279175	20	0.019512	1
860.279175	19	0.018537	1
860.279175	15	0.014634	1
870.279297	1	0.000976	84
870.279297	2	0.001951	29
870.279297	3	0.002927	27
870.279297	4	0.003902	11
870.279297	5	0.004878	19
870.279297	6	0.005854	9
870.279297	7	0.006829	6
870.279297	8	0.007805	2
870.279297	9	0.008780	3
870.279297	10	0.009756	5
870.279297	26	0.025366	1
870.279297	11	0.010732	1
870.279297	28	0.027317	1
870.279297	16	0.015610	2
870.279297	15	0.014634	2
870.279297	18	0.017561	1
870.279297	14	0.013659	5
870.279297	17	0.016585	2
870.279297	48	0.046829	1
870.279297	27	0.026341	1
870.279297	37	0.036098	1
870.279297	12	0.011707	2
870.279297	25	0.024390	1
870.279297	30	0.029268	1
870.279297	21	0.020488	1
870.279297	13	0.012683	1
880.279358	1	0.000975	86
880.279358	2	0.001949	34
880.279358	3	0.002924	24
880.279358	4	0.003899	8
880.279358	5	0.004873	8
880.279358	6	0.005848	10
880.279358	7	0.006823	5
880.279358	8	0.007797	4
880.279358	9	0.008772	7
880.279358	10	0.009747	2
880.279358	18	0.017544	2
880.279358	43	0.041910	1
880.279358	14	0.013645	1
880.279358	11	0.010721	4
880.279358	28	0.027290	1
880.279358	38	0.037037	1
880.279358	13	0.012671	1
880.279358	34	0.033138	1
880.279358	21	0.020468	1
880.279358	25	0.024366	1
880.279358	16	0.015595	1
880.279358	53	0.051657	1
880.279358	37	0.036062	1
880.279358	15	0.014620	2
880.279358	26	0.025341	1
880.279358	17	0.016569	1
880.279358	12	0.011696	2
880.279358	19	0.018519	1
890.279480	1	0.000977	84
890.279480	2	0.001953	42
890.279480	3	0.002930	29
890.279480	4	0.003906	11
890.279480	5	0.004883	13
890.279480	6	0.005859	6
890.279480	7	0.006836	6
890.279480	8	0.007812	4
890.279480	9	0.008789	6
890.279480	10	0.009766	5
890.279480	13	0.012695	5
890.279480	27	0.026367	1
890.279480	31	0.030273	1
890.279480	12	0.011719	3
890.279480	36	0.035156	1
890.279480	17	0.016602	2
890.279480	20	0.019531	2
890.279480	30	0.029297	2
890.279480	19	0.018555	2
890.279480	23	0.022461	1
890.279480	15	0.014648	3
890.279480	11	0.010742	1
900.279602	1	0.000977	74
900.279602	2	0.001953	34
900.279602	3	0.002930	25
900.279602	4	0.003906	8
900.279602	5	0.004883	10
900.279602	6	0.005859	10
900.279602	7	0.006836	5
900.279602	8	0.007812	5
900.279602	9	0.008789	5
900.279602	10	0.009766	4
900.279602	43	0.041992	1
900.279602	12	0.011719	3
900.279602	15	0.014648	1
900.279602	11	0.010742	4
900.279602	20	0.019531	2
900.279602	24	0.023438	1
900.279602	26	0.025391	1
900.279602	25	0.024414	1
900.279602	18	0.017578	1
900.279602	13	0.012695	2
900.279602	19	0.018555	2
900.279602	22	0.021484	1
900.279602	32	0.031250	1
900.279602	31	0.030273	1
900.279602	33	0.032227	1
900.279602	17	0.016602	1
900.279602	14	0.013672	1
900.279602	21	0.020508	1
910.279663	1	0.000976	69
910.279663	2	0.001951	43
910.279663	3	0.002927	16
910.279663	4	0.003902	22
910.279663	5	0.004878	6
910.279663	6	0.005854	7
910.279663	7	0.006829	9
910.279663	8	0.007805	3
910.279663	9	0.008780	1
910.279663	10	0.009756	5
910.279663	27	0.026341	1
910.279663	19	0.018537	1
910.279663	21	0.020488	1
910.279663	28	0.027317	1
910.279663	15	0.014634	4
910.279663	41	0.040000	1
910.279663	52	0.050732	1
910.279663	47	0.045854	1
910.279663	16	0.015610	1
910.279663	34	0.033171	1
910.279663	30	0.029268	2
910.279663	12	0.011707	3
910.279663	18	0.017561	1
910.279663	11	0.010732	4
910.279663	13	0.012683	1
920.279785	1	0.000975	83
920.279785	2	0.001949	40
920.279785	3	0.002924	19
920.279785	4	0.003899	18
920.279785	5	0.004873	10
920.279785	6	0.005848	18
920.279785	7	0.006823	5
920.279785	8	0.007797	7
920.279785	9	0.008772	5
920.279785	10	0.009747	7
920.279785	57	0.055556	1
920.279785	17	0.016569	2
920.279785	27	0.026316	1
920.279785	31	0.030214	1
920.279785	35	0.034113	1
920.279785	12	0.011696	1
920.279785	11	0.010721	3
920.279785	24	0.023392	2
920.279785	22	0.021442	1
920.279785	14	0.013645	2
920.279785	20	0.019493	1
920.279785	23	0.022417	1
930.279907	1	0.000975	89
930.279907	2	0.001949	37
930.279907	3	0.002924	28
930.279907	4	0.003899	20
930.279907	5	0.004873	11
930.279907	6	0.005848	11
930.279907	7	0.006823	5
930.279907	8	0.007797	8
930.279907	9	0.008772	5
930.279907	10	0.009747	2
930.279907	20	0.019493	2
930.279907	13	0.012671	3
930.279907	22	0.021442	1
930.279907	17	0.016569	3
930.279907	21	0.020468	1
930.279907	15	0.014620	2
930.279907	11	0.010721	3
930.279907	33	0.032164	1
930.279907	16	0.015595	2
930.279907	14	0.013645	3
930.279907	23	0.022417	1
930.279907	24	0.023392	1
930.279907	12	0.011696	2
940.280029	1	0.000976	85
940.280029	2	0.001951	42
940.280029	3	0.002927	30
940.280029	4	0.003902	14
940.280029	5	0.004878	6
940.280029	6	0.005854	3
940.280029	7	0.006829	6
940.280029	8	0.007805	1
940.280029	9	0.008780	5
940.280029	10	0.009756	7
940.280029	23	0.022439	1
940.280029	19	0.018537	2
940.280029	32	0.031220	1
940.280029	17	0.016585	2
940.280029	20	0.019512	2
940.280029	13	0.012683	5
940.280029	39	0.038049	1
940.280029	14	0.013659	5
940.280029	12	0.011707	3
940.280029	40	0.039024	1
940.280029	31	0.030244	1
940.280029	16	0.015610	1
940.280029	11	0.010732	3
950.280151	1	0.000974	60
950.280151	2	0.001947	40
950.280151	3	0.002921	22
950.280151	4	0.003895	14
950.280151	5	0.004869	8
950.280151	6	0.005842	10
950.280151	7	0.006816	5
950.280151	8	0.007790	8
950.280151	9	0.008763	3
950.280151	10	0.009737	4
950.280151	13	0.012658	2
950.280151	19	0.018500	2
950.280151	37	0.036027	1
950.280151	60	0.058423	1
950.280151	15	0.014606	2
950.280151	16	0.015579	2
950.280151	12	0.011685	4
950.280151	21	0.020448	1
950.280151	11	0.010711	4
950.280151	24	0.023369	2
950.280151	22	0.021422	1
950.280151	18	0.017527	2
950.280151	14	0.013632	1
950.280151	43	0.041870	1
960.280212	1	0.000975	70
960.280212	2	0.001949	45
960.280212	3	0.002924	20
960.280212	4	0.003899	16
960.280212	5	0.004873	9
960.280212	6	0.005848	8
960.280212	7	0.006823	9
960.280212	8	0.007797	8
960.280212	9	0.008772	4
960.280212	10	0.009747	3
960.280212	53	0.051657	1
960.280212	16	0.015595	3
960.280212	34	0.033138	1
960.280212	19	0.018519	3
960.280212	26	0.025341	1
960.280212	17	0.016569	2
960.280212	18	0.017544	2
960.280212	31	0.030214	1
960.280212	11	0.010721	1
960.280212	25	0.024366	1
960.280212	45	0.043860	1
960.280212	20	0.019493	1
960.280212	12	0.011696	1
960.280212	24	0.023392	1
970.280334	1	0.000977	68
970.280334	2	0.001953	48
970.280334	3	0.002930	20
970.280334	4	0.003906	20
970.280334	5	0.004883	10
970.280334	6	0.005859	10
970.280334	7	0.006836	6
970.280334	8	0.007812	6
970.280334	9	0.008789	7
970.280334	10	0.009766	7
970.280334	26	0.025391	1
970.280334	12	0.011719	4
970.280334	29	0.028320	1
970.280334	11	0.010742	5
970.280334	39	0.038086	1
970.280334	13	0.012695	2
970.280334	23	0.022461	1
970.280334	14	0.013672	1
970.280334	16	0.015625	2
970.280334	15	0.014648	2
970.280334	19	0.018555	1
970.280334	18	0.017578	1
970.280334	28	0.027344	1
980.280396	1	0.000976	98
980.280396	2	0.001951	47
980.280396	3	0.002927	27
980.280396	4	0.003902	13
980.280396	5	0.004878	14
980.280396	6	0.005854	12
980.280396	7	0.006829	1
980.280396	8	0.007805	7
980.280396	9	0.008780	7
980.280396	10	0.009756	5
980.280396	65	0.063415	1
980.280396	19	0.018537	1
980.280396	24	0.023415	2
980.280396	50	0.048780	1
980.280396	27	0.026341	1
980.280396	16	0.015610	2
980.280396	12	0.011707	3
980.280396	25	0.024390	1
980.280396	17	0.016585	1
980.280396	14	0.013659	2
980.280396	15	0.014634	1
980.280396	20	0.019512	1
990.280457	1	0.000976	88
990.280457	2	0.001951	42
990.280457	3	0.002927	17
990.280457	4	0.003902	13
990.280457	5	0.004878	12
990.280457	6	0.005854	6
990.280457	7	0.006829	14
990.280457	8	0.007805	4
990.280457	9	0.008780	3
990.280457	10	0.009756	2
990.280457	12	0.011707	2
990.280457	19	0.018537	1
990.280457	25	0.024390	1
990.280457	21	0.020488	2
990.280457	34	0.033171	1
990.280457	20	0.019512	1
990.280457	11	0.010732	8
990.280457	17	0.016585	1
990.280457	30	0.029268	1
990.280457	16	0.015610	1
990.280457	14	0.013659	4
990.280457	18	0.017561	1
990.280457	23	0.022439	1
990.280457	28	0.027317	1
990.280457	24	0.023415	1
990.280457	13	0.012683	1
1000.000000	1	0.000973	75
1000.000000	2	0.001946	44
1000.000000	3	0.002918	19
1000.000000	4	0.003891	20
1000.000000	5	0.004864	8
1000.000000	6	0.005837	11
1000.000000	7	0.006809	8
1000.000000	8	0.007782	4
1000.000000	9	0.008755	6
1000.000000	10	0.009728	5
1000.000000	15	0.014591	3
1000.000000	28	0.027237	1
1000.000000	21	0.020428	1
1000.000000	20	0.019455	1
1000.000000	14	0.013619	4
1000.000000	33	0.032101	1
1000.000000	11	0.010700	1
1000.000000	77	0.074903	1
1000.000000	12	0.011673	2
1000.000000	34	0.033074	1
1000.000000	24	0.023346	1
1000.000000	13	0.012646	1
1000.000000	22	0.021401	2
