Generation	Size	Frequency	Count
0.000000	1	1.000000	1
0.000000	2	2.000000	0
0.000000	3	3.000000	0
0.000000	4	4.000000	0
0.000000	5	5.000000	0
0.000000	6	6.000000	0
0.000000	7	7.000000	0
0.000000	8	8.000000	0
0.000000	9	9.000000	0
0.000000	10	10.000000	0
10.050460	1	0.000976	74
10.050460	2	0.001951	35
10.050460	3	0.002927	24
10.050460	4	0.003902	19
10.050460	5	0.004878	10
10.050460	6	0.005854	4
10.050460	7	0.006829	6
10.050460	8	0.007805	7
10.050460	9	0.008780	4
10.050460	10	0.009756	3
10.050460	20	0.019512	2
10.050460	15	0.014634	2
10.050460	27	0.026341	2
10.050460	17	0.016585	2
10.050460	12	0.011707	2
10.050460	35	0.034146	2
10.050460	13	0.012683	4
10.050460	19	0.018537	2
10.050460	11	0.010732	3
10.050460	14	0.013659	4
10.050460	21	0.020488	2
10.050460	22	0.021463	1
20.050896	1	0.000976	70
20.050896	2	0.001951	39
20.050896	3	0.002927	25
20.050896	4	0.003902	19
20.050896	5	0.004878	13
20.050896	6	0.005854	5
20.050896	7	0.006829	7
20.050896	8	0.007805	2
20.050896	9	0.008780	4
20.050896	10	0.009756	3
20.050896	19	0.018537	3
20.050896	11	0.010732	3
20.050896	14	0.013659	1
20.050896	13	0.012683	4
20.050896	23	0.022439	2
20.050896	22	0.021463	1
20.050896	29	0.028293	1
20.050896	26	0.025366	1
20.050896	32	0.031220	1
20.050896	17	0.016585	1
20.050896	21	0.020488	1
20.050896	18	0.017561	2
20.050896	16	0.015610	2
20.050896	12	0.011707	2
20.050896	24	0.023415	1
20.050896	20	0.019512	1
20.050896	15	0.014634	1
30.051651	1	0.000976	74
30.051651	2	0.001951	31
30.051651	3	0.002927	20
30.051651	4	0.003902	10
30.051651	5	0.004878	12
30.051651	6	0.005854	7
30.051651	7	0.006829	9
30.051651	8	0.007805	8
30.051651	9	0.008780	4
30.051651	10	0.009756	4
30.051651	30	0.029268	1
30.051651	43	0.041951	1
30.051651	18	0.017561	2
30.051651	11	0.010732	2
30.051651	38	0.037073	1
30.051651	12	0.011707	4
30.051651	16	0.015610	2
30.051651	13	0.012683	5
30.051651	17	0.016585	2
30.051651	28	0.027317	1
30.051651	19	0.018537	1
30.051651	24	0.023415	1
30.051651	25	0.024390	1
30.051651	26	0.025366	1
30.051651	14	0.013659	1
40.051865	1	0.000976	92
40.051865	2	0.001951	43
40.051865	3	0.002927	24
40.051865	4	0.003902	14
40.051865	5	0.004878	17
40.051865	6	0.005854	6
40.051865	7	0.006829	10
40.051865	8	0.007805	2
40.051865	9	0.008780	4
40.051865	10	0.009756	3
40.051865	12	0.011707	3
40.051865	18	0.017561	2
40.051865	13	0.012683	3
40.051865	11	0.010732	4
40.051865	17	0.016585	1
40.051865	35	0.034146	1
40.051865	24	0.023415	1
40.051865	15	0.014634	1
40.051865	14	0.013659	1
40.051865	26	0.025366	1
40.051865	16	0.015610	3
40.051865	23	0.022439	1
40.051865	27	0.026341	1
40.051865	28	0.027317	1
40.051865	34	0.033171	1
50.053093	1	0.000976	61
50.053093	2	0.001951	41
50.053093	3	0.002927	30
50.053093	4	0.003902	14
50.053093	5	0.004878	15
50.053093	6	0.005854	8
50.053093	7	0.006829	8
50.053093	8	0.007805	7
50.053093	9	0.008780	2
50.053093	10	0.009756	6
50.053093	15	0.014634	3
50.053093	13	0.012683	2
50.053093	12	0.011707	2
50.053093	17	0.016585	2
50.053093	51	0.049756	1
50.053093	27	0.026341	1
50.053093	14	0.013659	4
50.053093	22	0.021463	1
50.053093	20	0.019512	1
50.053093	23	0.022439	1
50.053093	11	0.010732	5
50.053093	19	0.018537	1
50.053093	21	0.020488	1
60.053558	1	0.000976	84
60.053558	2	0.001951	28
60.053558	3	0.002927	25
60.053558	4	0.003902	14
60.053558	5	0.004878	10
60.053558	6	0.005854	11
60.053558	7	0.006829	5
60.053558	8	0.007805	4
60.053558	9	0.008780	3
60.053558	10	0.009756	4
60.053558	13	0.012683	1
60.053558	31	0.030244	1
60.053558	11	0.010732	3
60.053558	20	0.019512	1
60.053558	12	0.011707	3
60.053558	38	0.037073	1
60.053558	17	0.016585	2
60.053558	21	0.020488	2
60.053558	19	0.018537	2
60.053558	40	0.039024	1
60.053558	15	0.014634	2
60.053558	50	0.048780	1
60.053558	23	0.022439	1
60.053558	26	0.025366	2
60.053558	24	0.023415	1
70.053848	1	0.000976	87
70.053848	2	0.001951	33
70.053848	3	0.002927	22
70.053848	4	0.003902	19
70.053848	5	0.004878	18
70.053848	6	0.005854	14
70.053848	7	0.006829	9
70.053848	8	0.007805	1
70.053848	9	0.008780	4
70.053848	10	0.009756	1
70.053848	11	0.010732	1
70.053848	28	0.027317	1
70.053848	51	0.049756	1
70.053848	26	0.025366	1
70.053848	70	0.068293	1
70.053848	38	0.037073	1
70.053848	17	0.016585	3
70.053848	12	0.011707	1
70.053848	15	0.014634	2
70.053848	21	0.020488	1
70.053848	19	0.018537	2
70.053848	23	0.022439	1
70.053848	13	0.012683	2
70.053848	14	0.013659	1
80.054451	1	0.000976	70
80.054451	2	0.001951	37
80.054451	3	0.002927	23
80.054451	4	0.003902	16
80.054451	5	0.004878	12
80.054451	6	0.005854	3
80.054451	7	0.006829	10
80.054451	8	0.007805	5
80.054451	9	0.008780	4
80.054451	10	0.009756	4
80.054451	25	0.024390	1
80.054451	16	0.015610	1
80.054451	22	0.021463	1
80.054451	14	0.013659	5
80.054451	12	0.011707	5
80.054451	29	0.028293	1
80.054451	32	0.031220	3
80.054451	21	0.020488	2
80.054451	11	0.010732	4
80.054451	23	0.022439	1
80.054451	57	0.055610	1
90.054741	1	0.000976	72
90.054741	2	0.001951	30
90.054741	3	0.002927	25
90.054741	4	0.003902	18
90.054741	5	0.004878	9
90.054741	6	0.005854	12
90.054741	7	0.006829	9
90.054741	8	0.007805	9
90.054741	9	0.008780	4
90.054741	10	0.009756	3
90.054741	27	0.026341	1
90.054741	17	0.016585	1
90.054741	37	0.036098	2
90.054741	16	0.015610	1
90.054741	29	0.028293	1
90.054741	24	0.023415	1
90.054741	30	0.029268	2
90.054741	14	0.013659	1
90.054741	15	0.014634	2
90.054741	13	0.012683	1
90.054741	11	0.010732	4
90.054741	19	0.018537	1
90.054741	20	0.019512	2
90.054741	21	0.020488	1
100.055420	1	0.000976	80
100.055420	2	0.001951	36
100.055420	3	0.002927	25
100.055420	4	0.003902	14
100.055420	5	0.004878	10
100.055420	6	0.005854	8
100.055420	7	0.006829	8
100.055420	8	0.007805	5
100.055420	9	0.008780	3
100.055420	10	0.009756	9
100.055420	19	0.018537	1
100.055420	35	0.034146	1
100.055420	27	0.026341	2
100.055420	20	0.019512	3
100.055420	12	0.011707	3
100.055420	13	0.012683	2
100.055420	23	0.022439	2
100.055420	34	0.033171	1
100.055420	14	0.013659	1
100.055420	16	0.015610	1
100.055420	18	0.017561	2
100.055420	11	0.010732	5
110.055862	1	0.000977	74
110.055862	2	0.001953	46
110.055862	3	0.002930	31
110.055862	4	0.003906	13
110.055862	5	0.004883	14
110.055862	6	0.005859	4
110.055862	7	0.006836	8
110.055862	8	0.007812	2
110.055862	9	0.008789	4
110.055862	10	0.009766	4
110.055862	26	0.025391	3
110.055862	12	0.011719	4
110.055862	16	0.015625	3
110.055862	15	0.014648	4
110.055862	14	0.013672	4
110.055862	20	0.019531	1
110.055862	21	0.020508	3
110.055862	17	0.016602	1
110.055862	13	0.012695	2
110.055862	22	0.021484	2
110.055862	11	0.010742	1
120.056114	1	0.000976	77
120.056114	2	0.001951	43
120.056114	3	0.002927	21
120.056114	4	0.003902	14
120.056114	5	0.004878	14
120.056114	6	0.005854	10
120.056114	7	0.006829	9
120.056114	8	0.007805	7
120.056114	9	0.008780	8
120.056114	10	0.009756	2
120.056114	39	0.038049	1
120.056114	16	0.015610	4
120.056114	11	0.010732	4
120.056114	38	0.037073	1
120.056114	19	0.018537	1
120.056114	26	0.025366	1
120.056114	15	0.014634	4
120.056114	29	0.028293	1
120.056114	14	0.013659	2
120.056114	17	0.016585	1
120.056114	12	0.011707	1
120.056114	13	0.012683	2
130.056549	1	0.000976	70
130.056549	2	0.001951	40
130.056549	3	0.002927	30
130.056549	4	0.003902	15
130.056549	5	0.004878	15
130.056549	6	0.005854	9
130.056549	7	0.006829	0
130.056549	8	0.007805	5
130.056549	9	0.008780	9
130.056549	10	0.009756	5
130.056549	12	0.011707	3
130.056549	17	0.016585	3
130.056549	14	0.013659	5
130.056549	51	0.049756	1
130.056549	27	0.026341	1
130.056549	15	0.014634	2
130.056549	23	0.022439	2
130.056549	24	0.023415	2
130.056549	13	0.012683	1
130.056549	18	0.017561	1
130.056549	19	0.018537	1
130.056549	16	0.015610	1
140.057190	1	0.000977	70
140.057190	2	0.001953	32
140.057190	3	0.002930	20
140.057190	4	0.003906	19
140.057190	5	0.004883	13
140.057190	6	0.005859	16
140.057190	7	0.006836	10
140.057190	8	0.007812	4
140.057190	9	0.008789	5
140.057190	10	0.009766	4
140.057190	14	0.013672	2
140.057190	25	0.024414	1
140.057190	28	0.027344	1
140.057190	11	0.010742	3
140.057190	19	0.018555	2
140.057190	16	0.015625	1
140.057190	22	0.021484	1
140.057190	24	0.023438	1
140.057190	13	0.012695	3
140.057190	17	0.016602	1
140.057190	26	0.025391	1
140.057190	15	0.014648	1
140.057190	12	0.011719	2
140.057190	27	0.026367	1
140.057190	23	0.022461	1
140.057190	21	0.020508	1
150.057877	1	0.000976	85
150.057877	2	0.001951	35
150.057877	3	0.002927	24
150.057877	4	0.003902	16
150.057877	5	0.004878	17
150.057877	6	0.005854	7
150.057877	7	0.006829	7
150.057877	8	0.007805	5
150.057877	9	0.008780	8
150.057877	10	0.009756	3
150.057877	24	0.023415	1
150.057877	22	0.021463	2
150.057877	14	0.013659	3
150.057877	16	0.015610	3
150.057877	35	0.034146	1
150.057877	41	0.040000	1
150.057877	19	0.018537	1
150.057877	12	0.011707	3
150.057877	18	0.017561	3
150.057877	15	0.014634	3
150.057877	17	0.016585	1
150.057877	11	0.010732	1
160.058243	1	0.000976	91
160.058243	2	0.001951	47
160.058243	3	0.002927	35
160.058243	4	0.003902	24
160.058243	5	0.004878	8
160.058243	6	0.005854	10
160.058243	7	0.006829	5
160.058243	8	0.007805	7
160.058243	9	0.008780	4
160.058243	10	0.009756	5
160.058243	21	0.020488	1
160.058243	19	0.018537	1
160.058243	11	0.010732	7
160.058243	24	0.023415	2
160.058243	15	0.014634	4
160.058243	34	0.033171	1
160.058243	14	0.013659	3
160.058243	20	0.019512	1
160.058243	16	0.015610	1
160.058243	12	0.011707	1
160.058243	13	0.012683	1
170.059280	1	0.000976	95
170.059280	2	0.001951	36
170.059280	3	0.002927	31
170.059280	4	0.003902	23
170.059280	5	0.004878	11
170.059280	6	0.005854	10
170.059280	7	0.006829	6
170.059280	8	0.007805	6
170.059280	9	0.008780	5
170.059280	10	0.009756	4
170.059280	21	0.020488	2
170.059280	39	0.038049	1
170.059280	20	0.019512	1
170.059280	18	0.017561	3
170.059280	11	0.010732	4
170.059280	19	0.018537	1
170.059280	12	0.011707	5
170.059280	13	0.012683	3
170.059280	30	0.029268	1
170.059280	22	0.021463	1
170.059280	14	0.013659	1
180.059921	1	0.000977	100
180.059921	2	0.001953	39
180.059921	3	0.002930	23
180.059921	4	0.003906	8
180.059921	5	0.004883	12
180.059921	6	0.005859	9
180.059921	7	0.006836	11
180.059921	8	0.007812	6
180.059921	9	0.008789	3
180.059921	10	0.009766	4
180.059921	19	0.018555	1
180.059921	16	0.015625	4
180.059921	12	0.011719	2
180.059921	11	0.010742	4
180.059921	35	0.034180	1
180.059921	38	0.037109	1
180.059921	14	0.013672	2
180.059921	13	0.012695	2
180.059921	28	0.027344	1
180.059921	36	0.035156	1
180.059921	25	0.024414	1
180.059921	22	0.021484	1
180.059921	20	0.019531	1
180.059921	15	0.014648	2
190.060242	1	0.000976	86
190.060242	2	0.001951	38
190.060242	3	0.002927	21
190.060242	4	0.003902	18
190.060242	5	0.004878	9
190.060242	6	0.005854	7
190.060242	7	0.006829	6
190.060242	8	0.007805	5
190.060242	9	0.008780	7
190.060242	10	0.009756	2
190.060242	14	0.013659	5
190.060242	11	0.010732	4
190.060242	15	0.014634	3
190.060242	27	0.026341	1
190.060242	18	0.017561	2
190.060242	23	0.022439	2
190.060242	13	0.012683	2
190.060242	17	0.016585	2
190.060242	33	0.032195	1
190.060242	21	0.020488	1
190.060242	12	0.011707	3
190.060242	20	0.019512	1
190.060242	19	0.018537	2
200.061142	1	0.000976	90
200.061142	2	0.001951	28
200.061142	3	0.002927	21
200.061142	4	0.003902	18
200.061142	5	0.004878	6
200.061142	6	0.005854	6
200.061142	7	0.006829	8
200.061142	8	0.007805	5
200.061142	9	0.008780	3
200.061142	10	0.009756	6
200.061142	13	0.012683	4
200.061142	12	0.011707	3
200.061142	23	0.022439	1
200.061142	51	0.049756	1
200.061142	25	0.024390	1
200.061142	15	0.014634	5
200.061142	28	0.027317	1
200.061142	14	0.013659	3
200.061142	31	0.030244	1
200.061142	19	0.018537	2
200.061142	16	0.015610	1
200.061142	11	0.010732	2
200.061142	18	0.017561	2
200.061142	20	0.019512	1
210.061798	1	0.000976	76
210.061798	2	0.001951	42
210.061798	3	0.002927	25
210.061798	4	0.003902	17
210.061798	5	0.004878	13
210.061798	6	0.005854	8
210.061798	7	0.006829	7
210.061798	8	0.007805	7
210.061798	9	0.008780	5
210.061798	10	0.009756	3
210.061798	16	0.015610	4
210.061798	27	0.026341	1
210.061798	12	0.011707	2
210.061798	23	0.022439	1
210.061798	36	0.035122	1
210.061798	25	0.024390	1
210.061798	52	0.050732	1
210.061798	38	0.037073	1
210.061798	17	0.016585	2
210.061798	11	0.010732	2
210.061798	15	0.014634	1
210.061798	19	0.018537	1
210.061798	13	0.012683	2
210.061798	24	0.023415	1
220.062119	1	0.000976	81
220.062119	2	0.001951	40
220.062119	3	0.002927	17
220.062119	4	0.003902	14
220.062119	5	0.004878	9
220.062119	6	0.005854	13
220.062119	7	0.006829	5
220.062119	8	0.007805	3
220.062119	9	0.008780	4
220.062119	10	0.009756	2
220.062119	19	0.018537	3
220.062119	18	0.017561	1
220.062119	11	0.010732	8
220.062119	14	0.013659	3
220.062119	21	0.020488	3
220.062119	13	0.012683	4
220.062119	12	0.011707	4
220.062119	16	0.015610	1
220.062119	23	0.022439	2
220.062119	15	0.014634	1
220.062119	20	0.019512	2
220.062119	17	0.016585	2
230.062637	1	0.000976	78
230.062637	2	0.001951	32
230.062637	3	0.002927	25
230.062637	4	0.003902	16
230.062637	5	0.004878	14
230.062637	6	0.005854	7
230.062637	7	0.006829	3
230.062637	8	0.007805	10
230.062637	9	0.008780	6
230.062637	10	0.009756	6
230.062637	18	0.017561	3
230.062637	19	0.018537	2
230.062637	20	0.019512	2
230.062637	30	0.029268	1
230.062637	12	0.011707	5
230.062637	13	0.012683	2
230.062637	35	0.034146	1
230.062637	16	0.015610	2
230.062637	15	0.014634	2
230.062637	14	0.013659	2
230.062637	11	0.010732	4
240.063080	1	0.000976	74
240.063080	2	0.001951	40
240.063080	3	0.002927	23
240.063080	4	0.003902	22
240.063080	5	0.004878	11
240.063080	6	0.005854	7
240.063080	7	0.006829	9
240.063080	8	0.007805	5
240.063080	9	0.008780	5
240.063080	10	0.009756	6
240.063080	72	0.070244	1
240.063080	12	0.011707	8
240.063080	22	0.021463	3
240.063080	30	0.029268	1
240.063080	19	0.018537	1
240.063080	29	0.028293	1
240.063080	11	0.010732	1
240.063080	13	0.012683	1
240.063080	17	0.016585	1
240.063080	16	0.015610	2
240.063080	24	0.023415	1
250.063278	1	0.000976	80
250.063278	2	0.001951	37
250.063278	3	0.002927	30
250.063278	4	0.003902	15
250.063278	5	0.004878	12
250.063278	6	0.005854	2
250.063278	7	0.006829	10
250.063278	8	0.007805	6
250.063278	9	0.008780	7
250.063278	10	0.009756	3
250.063278	21	0.020488	1
250.063278	13	0.012683	3
250.063278	15	0.014634	2
250.063278	28	0.027317	2
250.063278	19	0.018537	3
250.063278	16	0.015610	5
250.063278	24	0.023415	1
250.063278	12	0.011707	3
250.063278	17	0.016585	2
250.063278	25	0.024390	1
250.063278	11	0.010732	2
250.063278	14	0.013659	1
260.063629	1	0.000976	63
260.063629	2	0.001951	44
260.063629	3	0.002927	23
260.063629	4	0.003902	10
260.063629	5	0.004878	11
260.063629	6	0.005854	8
260.063629	7	0.006829	7
260.063629	8	0.007805	6
260.063629	9	0.008780	1
260.063629	10	0.009756	5
260.063629	12	0.011707	4
260.063629	19	0.018537	1
260.063629	31	0.030244	2
260.063629	30	0.029268	1
260.063629	14	0.013659	1
260.063629	11	0.010732	2
260.063629	13	0.012683	2
260.063629	15	0.014634	1
260.063629	17	0.016585	3
260.063629	16	0.015610	4
260.063629	39	0.038049	1
260.063629	20	0.019512	1
260.063629	18	0.017561	2
260.063629	35	0.034146	1
260.063629	25	0.024390	1
270.064148	1	0.000977	90
270.064148	2	0.001953	31
270.064148	3	0.002930	32
270.064148	4	0.003906	12
270.064148	5	0.004883	12
270.064148	6	0.005859	10
270.064148	7	0.006836	9
270.064148	8	0.007812	6
270.064148	9	0.008789	7
270.064148	10	0.009766	4
270.064148	21	0.020508	1
270.064148	30	0.029297	1
270.064148	20	0.019531	1
270.064148	16	0.015625	3
270.064148	50	0.048828	1
270.064148	12	0.011719	3
270.064148	58	0.056641	1
270.064148	15	0.014648	2
270.064148	11	0.010742	3
270.064148	23	0.022461	1
270.064148	13	0.012695	2
270.064148	19	0.018555	1
280.064423	1	0.000976	83
280.064423	2	0.001951	36
280.064423	3	0.002927	16
280.064423	4	0.003902	13
280.064423	5	0.004878	14
280.064423	6	0.005854	7
280.064423	7	0.006829	7
280.064423	8	0.007805	5
280.064423	9	0.008780	7
280.064423	10	0.009756	6
280.064423	21	0.020488	2
280.064423	30	0.029268	1
280.064423	11	0.010732	4
280.064423	27	0.026341	1
280.064423	13	0.012683	1
280.064423	23	0.022439	1
280.064423	14	0.013659	3
280.064423	15	0.014634	1
280.064423	32	0.031220	1
280.064423	12	0.011707	2
280.064423	16	0.015610	2
280.064423	29	0.028293	1
280.064423	20	0.019512	1
280.064423	22	0.021463	1
280.064423	17	0.016585	3
290.064972	1	0.000976	84
290.064972	2	0.001951	40
290.064972	3	0.002927	21
290.064972	4	0.003902	16
290.064972	5	0.004878	12
290.064972	6	0.005854	7
290.064972	7	0.006829	2
290.064972	8	0.007805	4
290.064972	9	0.008780	5
290.064972	10	0.009756	3
290.064972	12	0.011707	3
290.064972	19	0.018537	2
290.064972	15	0.014634	4
290.064972	13	0.012683	5
290.064972	24	0.023415	1
290.064972	18	0.017561	1
290.064972	11	0.010732	2
290.064972	20	0.019512	1
290.064972	17	0.016585	2
290.064972	14	0.013659	2
290.064972	16	0.015610	5
290.064972	30	0.029268	1
290.064972	33	0.032195	1
290.064972	23	0.022439	1
300.065491	1	0.000976	88
300.065491	2	0.001951	35
300.065491	3	0.002927	24
300.065491	4	0.003902	13
300.065491	5	0.004878	11
300.065491	6	0.005854	9
300.065491	7	0.006829	7
300.065491	8	0.007805	8
300.065491	9	0.008780	3
300.065491	10	0.009756	6
300.065491	36	0.035122	1
300.065491	11	0.010732	3
300.065491	27	0.026341	2
300.065491	17	0.016585	2
300.065491	14	0.013659	3
300.065491	24	0.023415	1
300.065491	15	0.014634	6
300.065491	12	0.011707	2
300.065491	13	0.012683	2
300.065491	25	0.024390	1
300.065491	23	0.022439	2
310.065796	1	0.000976	69
310.065796	2	0.001951	31
310.065796	3	0.002927	21
310.065796	4	0.003902	14
310.065796	5	0.004878	12
310.065796	6	0.005854	7
310.065796	7	0.006829	7
310.065796	8	0.007805	3
310.065796	9	0.008780	5
310.065796	10	0.009756	1
310.065796	45	0.043902	1
310.065796	27	0.026341	1
310.065796	32	0.031220	1
310.065796	12	0.011707	7
310.065796	28	0.027317	1
310.065796	22	0.021463	1
310.065796	20	0.019512	1
310.065796	11	0.010732	3
310.065796	13	0.012683	3
310.065796	14	0.013659	2
310.065796	41	0.040000	1
310.065796	26	0.025366	1
310.065796	16	0.015610	1
310.065796	49	0.047805	1
310.065796	19	0.018537	1
310.065796	18	0.017561	2
320.066772	1	0.000976	80
320.066772	2	0.001951	39
320.066772	3	0.002927	27
320.066772	4	0.003902	12
320.066772	5	0.004878	17
320.066772	6	0.005854	7
320.066772	7	0.006829	6
320.066772	8	0.007805	6
320.066772	9	0.008780	9
320.066772	10	0.009756	2
320.066772	15	0.014634	3
320.066772	17	0.016585	1
320.066772	21	0.020488	2
320.066772	13	0.012683	4
320.066772	12	0.011707	1
320.066772	49	0.047805	1
320.066772	67	0.065366	1
320.066772	22	0.021463	1
320.066772	14	0.013659	1
320.066772	16	0.015610	1
320.066772	25	0.024390	2
320.066772	23	0.022439	1
320.066772	11	0.010732	1
330.067535	1	0.000976	76
330.067535	2	0.001951	38
330.067535	3	0.002927	21
330.067535	4	0.003902	9
330.067535	5	0.004878	9
330.067535	6	0.005854	8
330.067535	7	0.006829	5
330.067535	8	0.007805	6
330.067535	9	0.008780	7
330.067535	10	0.009756	2
330.067535	12	0.011707	2
330.067535	14	0.013659	3
330.067535	15	0.014634	4
330.067535	13	0.012683	2
330.067535	24	0.023415	2
330.067535	17	0.016585	2
330.067535	11	0.010732	4
330.067535	21	0.020488	1
330.067535	16	0.015610	2
330.067535	27	0.026341	1
330.067535	30	0.029268	1
330.067535	43	0.041951	1
330.067535	39	0.038049	1
330.067535	26	0.025366	1
330.067535	19	0.018537	1
340.068115	1	0.000976	83
340.068115	2	0.001951	34
340.068115	3	0.002927	13
340.068115	4	0.003902	13
340.068115	5	0.004878	12
340.068115	6	0.005854	6
340.068115	7	0.006829	8
340.068115	8	0.007805	5
340.068115	9	0.008780	3
340.068115	10	0.009756	1
340.068115	11	0.010732	10
340.068115	43	0.041951	2
340.068115	17	0.016585	2
340.068115	20	0.019512	2
340.068115	14	0.013659	3
340.068115	35	0.034146	1
340.068115	15	0.014634	3
340.068115	12	0.011707	3
340.068115	19	0.018537	3
340.068115	16	0.015610	2
340.068115	24	0.023415	1
340.068115	13	0.012683	1
350.068481	1	0.000976	79
350.068481	2	0.001951	31
350.068481	3	0.002927	33
350.068481	4	0.003902	23
350.068481	5	0.004878	8
350.068481	6	0.005854	3
350.068481	7	0.006829	2
350.068481	8	0.007805	6
350.068481	9	0.008780	6
350.068481	10	0.009756	6
350.068481	64	0.062439	1
350.068481	26	0.025366	1
350.068481	16	0.015610	4
350.068481	27	0.026341	1
350.068481	19	0.018537	3
350.068481	12	0.011707	4
350.068481	15	0.014634	1
350.068481	11	0.010732	4
350.068481	22	0.021463	1
350.068481	20	0.019512	2
350.068481	25	0.024390	1
350.068481	14	0.013659	1
350.068481	13	0.012683	1
360.068848	1	0.000976	107
360.068848	2	0.001951	30
360.068848	3	0.002927	22
360.068848	4	0.003902	14
360.068848	5	0.004878	19
360.068848	6	0.005854	14
360.068848	7	0.006829	5
360.068848	8	0.007805	4
360.068848	9	0.008780	4
360.068848	10	0.009756	1
360.068848	49	0.047805	1
360.068848	16	0.015610	2
360.068848	28	0.027317	1
360.068848	25	0.024390	1
360.068848	14	0.013659	3
360.068848	23	0.022439	3
360.068848	12	0.011707	6
360.068848	13	0.012683	3
360.068848	17	0.016585	1
360.068848	19	0.018537	2
360.068848	11	0.010732	3
370.069427	1	0.000976	65
370.069427	2	0.001951	36
370.069427	3	0.002927	20
370.069427	4	0.003902	19
370.069427	5	0.004878	9
370.069427	6	0.005854	8
370.069427	7	0.006829	6
370.069427	8	0.007805	10
370.069427	9	0.008780	4
370.069427	10	0.009756	8
370.069427	20	0.019512	3
370.069427	35	0.034146	1
370.069427	14	0.013659	1
370.069427	17	0.016585	3
370.069427	12	0.011707	2
370.069427	23	0.022439	1
370.069427	19	0.018537	2
370.069427	13	0.012683	4
370.069427	15	0.014634	2
370.069427	21	0.020488	1
370.069427	11	0.010732	3
370.069427	24	0.023415	1
370.069427	16	0.015610	1
380.069611	1	0.000976	69
380.069611	2	0.001951	42
380.069611	3	0.002927	20
380.069611	4	0.003902	9
380.069611	5	0.004878	9
380.069611	6	0.005854	6
380.069611	7	0.006829	13
380.069611	8	0.007805	6
380.069611	9	0.008780	5
380.069611	10	0.009756	1
380.069611	20	0.019512	1
380.069611	12	0.011707	6
380.069611	23	0.022439	1
380.069611	14	0.013659	4
380.069611	19	0.018537	2
380.069611	25	0.024390	1
380.069611	48	0.046829	1
380.069611	11	0.010732	3
380.069611	13	0.012683	5
380.069611	17	0.016585	1
380.069611	32	0.031220	1
380.069611	21	0.020488	2
380.069611	15	0.014634	2
390.070404	1	0.000976	67
390.070404	2	0.001951	37
390.070404	3	0.002927	16
390.070404	4	0.003902	16
390.070404	5	0.004878	16
390.070404	6	0.005854	14
390.070404	7	0.006829	5
390.070404	8	0.007805	4
390.070404	9	0.008780	1
390.070404	10	0.009756	5
390.070404	30	0.029268	2
390.070404	14	0.013659	2
390.070404	55	0.053659	1
390.070404	37	0.036098	1
390.070404	12	0.011707	2
390.070404	19	0.018537	3
390.070404	25	0.024390	1
390.070404	13	0.012683	3
390.070404	21	0.020488	1
390.070404	18	0.017561	1
390.070404	20	0.019512	2
390.070404	16	0.015610	1
390.070404	29	0.028293	1
390.070404	22	0.021463	1
390.070404	11	0.010732	1
400.070923	1	0.000976	75
400.070923	2	0.001951	31
400.070923	3	0.002927	21
400.070923	4	0.003902	17
400.070923	5	0.004878	22
400.070923	6	0.005854	8
400.070923	7	0.006829	9
400.070923	8	0.007805	1
400.070923	9	0.008780	7
400.070923	10	0.009756	3
400.070923	13	0.012683	2
400.070923	11	0.010732	3
400.070923	41	0.040000	1
400.070923	46	0.044878	1
400.070923	19	0.018537	2
400.070923	68	0.066341	1
400.070923	21	0.020488	1
400.070923	25	0.024390	1
400.070923	18	0.017561	1
400.070923	14	0.013659	1
400.070923	24	0.023415	1
400.070923	12	0.011707	1
400.070923	15	0.014634	2
400.070923	16	0.015610	1
400.070923	23	0.022439	1
410.071350	1	0.000976	75
410.071350	2	0.001951	25
410.071350	3	0.002927	32
410.071350	4	0.003902	12
410.071350	5	0.004878	9
410.071350	6	0.005854	6
410.071350	7	0.006829	7
410.071350	8	0.007805	5
410.071350	9	0.008780	4
410.071350	10	0.009756	1
410.071350	12	0.011707	2
410.071350	21	0.020488	1
410.071350	16	0.015610	3
410.071350	29	0.028293	1
410.071350	37	0.036098	1
410.071350	34	0.033171	2
410.071350	26	0.025366	2
410.071350	11	0.010732	2
410.071350	22	0.021463	2
410.071350	13	0.012683	1
410.071350	14	0.013659	3
410.071350	20	0.019512	1
410.071350	30	0.029268	1
410.071350	17	0.016585	2
410.071350	25	0.024390	1
410.071350	31	0.030244	1
420.071991	1	0.000976	71
420.071991	2	0.001951	33
420.071991	3	0.002927	27
420.071991	4	0.003902	13
420.071991	5	0.004878	10
420.071991	6	0.005854	5
420.071991	7	0.006829	2
420.071991	8	0.007805	10
420.071991	9	0.008780	5
420.071991	10	0.009756	3
420.071991	11	0.010732	5
420.071991	19	0.018537	2
420.071991	13	0.012683	2
420.071991	16	0.015610	2
420.071991	35	0.034146	1
420.071991	22	0.021463	2
420.071991	26	0.025366	1
420.071991	20	0.019512	2
420.071991	17	0.016585	3
420.071991	29	0.028293	1
420.071991	23	0.022439	1
420.071991	15	0.014634	2
420.071991	33	0.032195	1
420.071991	18	0.017561	1
420.071991	14	0.013659	1
420.071991	12	0.011707	1
430.072693	1	0.000976	96
430.072693	2	0.001951	33
430.072693	3	0.002927	26
430.072693	4	0.003902	18
430.072693	5	0.004878	11
430.072693	6	0.005854	9
430.072693	7	0.006829	6
430.072693	8	0.007805	5
430.072693	9	0.008780	5
430.072693	10	0.009756	1
430.072693	23	0.022439	1
430.072693	20	0.019512	2
430.072693	22	0.021463	2
430.072693	30	0.029268	1
430.072693	24	0.023415	2
430.072693	18	0.017561	1
430.072693	16	0.015610	1
430.072693	12	0.011707	1
430.072693	27	0.026341	1
430.072693	15	0.014634	2
430.072693	28	0.027317	1
430.072693	14	0.013659	1
430.072693	34	0.033171	1
430.072693	47	0.045854	1
430.072693	13	0.012683	1
430.072693	32	0.031220	1
430.072693	11	0.010732	1
440.072998	1	0.000976	70
440.072998	2	0.001951	33
440.072998	3	0.002927	27
440.072998	4	0.003902	11
440.072998	5	0.004878	11
440.072998	6	0.005854	9
440.072998	7	0.006829	5
440.072998	8	0.007805	4
440.072998	9	0.008780	5
440.072998	10	0.009756	7
440.072998	22	0.021463	2
440.072998	19	0.018537	3
440.072998	24	0.023415	2
440.072998	26	0.025366	2
440.072998	14	0.013659	1
440.072998	11	0.010732	3
440.072998	13	0.012683	4
440.072998	20	0.019512	2
440.072998	15	0.014634	4
440.072998	12	0.011707	3
440.072998	21	0.020488	1
440.072998	16	0.015610	1
450.073639	1	0.000977	74
450.073639	2	0.001953	40
450.073639	3	0.002930	26
450.073639	4	0.003906	16
450.073639	5	0.004883	11
450.073639	6	0.005859	16
450.073639	7	0.006836	8
450.073639	8	0.007812	9
450.073639	9	0.008789	7
450.073639	10	0.009766	3
450.073639	12	0.011719	2
450.073639	24	0.023438	1
450.073639	31	0.030273	1
450.073639	50	0.048828	1
450.073639	11	0.010742	2
450.073639	16	0.015625	1
450.073639	14	0.013672	2
450.073639	30	0.029297	1
450.073639	20	0.019531	2
450.073639	18	0.017578	1
450.073639	15	0.014648	1
450.073639	28	0.027344	1
450.073639	17	0.016602	1
450.073639	13	0.012695	1
460.074188	1	0.000976	86
460.074188	2	0.001951	28
460.074188	3	0.002927	22
460.074188	4	0.003902	18
460.074188	5	0.004878	12
460.074188	6	0.005854	8
460.074188	7	0.006829	2
460.074188	8	0.007805	6
460.074188	9	0.008780	5
460.074188	10	0.009756	6
460.074188	28	0.027317	2
460.074188	29	0.028293	1
460.074188	37	0.036098	1
460.074188	16	0.015610	5
460.074188	27	0.026341	1
460.074188	23	0.022439	1
460.074188	13	0.012683	4
460.074188	11	0.010732	4
460.074188	12	0.011707	2
460.074188	14	0.013659	3
460.074188	19	0.018537	2
460.074188	18	0.017561	1
470.074768	1	0.000976	68
470.074768	2	0.001951	33
470.074768	3	0.002927	23
470.074768	4	0.003902	17
470.074768	5	0.004878	11
470.074768	6	0.005854	8
470.074768	7	0.006829	14
470.074768	8	0.007805	7
470.074768	9	0.008780	1
470.074768	10	0.009756	2
470.074768	42	0.040976	1
470.074768	55	0.053659	1
470.074768	27	0.026341	2
470.074768	38	0.037073	1
470.074768	18	0.017561	2
470.074768	11	0.010732	6
470.074768	12	0.011707	1
470.074768	13	0.012683	3
470.074768	17	0.016585	2
470.074768	16	0.015610	2
470.074768	25	0.024390	1
470.074768	21	0.020488	1
470.074768	14	0.013659	1
480.075348	1	0.000976	70
480.075348	2	0.001951	34
480.075348	3	0.002927	21
480.075348	4	0.003902	7
480.075348	5	0.004878	15
480.075348	6	0.005854	9
480.075348	7	0.006829	16
480.075348	8	0.007805	9
480.075348	9	0.008780	6
480.075348	10	0.009756	1
480.075348	57	0.055610	1
480.075348	12	0.011707	1
480.075348	23	0.022439	1
480.075348	21	0.020488	1
480.075348	14	0.013659	5
480.075348	11	0.010732	5
480.075348	20	0.019512	1
480.075348	22	0.021463	1
480.075348	30	0.029268	1
480.075348	13	0.012683	2
480.075348	17	0.016585	1
480.075348	16	0.015610	2
480.075348	15	0.014634	1
480.075348	19	0.018537	1
490.075806	1	0.000976	83
490.075806	2	0.001951	42
490.075806	3	0.002927	23
490.075806	4	0.003902	13
490.075806	5	0.004878	9
490.075806	6	0.005854	8
490.075806	7	0.006829	8
490.075806	8	0.007805	6
490.075806	9	0.008780	4
490.075806	10	0.009756	3
490.075806	11	0.010732	1
490.075806	16	0.015610	4
490.075806	15	0.014634	1
490.075806	24	0.023415	2
490.075806	38	0.037073	1
490.075806	17	0.016585	1
490.075806	20	0.019512	1
490.075806	22	0.021463	1
490.075806	12	0.011707	1
490.075806	18	0.017561	2
490.075806	14	0.013659	4
490.075806	27	0.026341	1
490.075806	29	0.028293	1
490.075806	28	0.027317	1
490.075806	19	0.018537	2
490.075806	13	0.012683	1
500.076080	1	0.000977	87
500.076080	2	0.001953	39
500.076080	3	0.002930	17
500.076080	4	0.003906	19
500.076080	5	0.004883	15
500.076080	6	0.005859	8
500.076080	7	0.006836	7
500.076080	8	0.007812	5
500.076080	9	0.008789	5
500.076080	10	0.009766	4
500.076080	75	0.073242	1
500.076080	22	0.021484	3
500.076080	12	0.011719	4
500.076080	31	0.030273	1
500.076080	13	0.012695	4
500.076080	17	0.016602	1
500.076080	18	0.017578	1
500.076080	16	0.015625	2
500.076080	44	0.042969	1
500.076080	15	0.014648	1
500.076080	14	0.013672	1
500.076080	23	0.022461	1
510.076569	1	0.000976	79
510.076569	2	0.001951	35
510.076569	3	0.002927	20
510.076569	4	0.003902	20
510.076569	5	0.004878	12
510.076569	6	0.005854	10
510.076569	7	0.006829	9
510.076569	8	0.007805	5
510.076569	9	0.008780	5
510.076569	10	0.009756	5
510.076569	52	0.050732	1
510.076569	14	0.013659	3
510.076569	12	0.011707	2
510.076569	11	0.010732	5
510.076569	13	0.012683	3
510.076569	19	0.018537	1
510.076569	85	0.082927	1
510.076569	16	0.015610	3
510.076569	17	0.016585	2
510.076569	20	0.019512	1
520.077087	1	0.000977	78
520.077087	2	0.001953	43
520.077087	3	0.002930	21
520.077087	4	0.003906	16
520.077087	5	0.004883	10
520.077087	6	0.005859	4
520.077087	7	0.006836	7
520.077087	8	0.007812	9
520.077087	9	0.008789	4
520.077087	10	0.009766	7
520.077087	14	0.013672	3
520.077087	31	0.030273	1
520.077087	35	0.034180	1
520.077087	24	0.023438	1
520.077087	16	0.015625	2
520.077087	12	0.011719	4
520.077087	41	0.040039	1
520.077087	13	0.012695	2
520.077087	11	0.010742	6
520.077087	19	0.018555	1
520.077087	25	0.024414	1
520.077087	21	0.020508	1
520.077087	22	0.021484	1
530.077881	1	0.000976	72
530.077881	2	0.001951	30
530.077881	3	0.002927	24
530.077881	4	0.003902	18
530.077881	5	0.004878	12
530.077881	6	0.005854	9
530.077881	7	0.006829	7
530.077881	8	0.007805	5
530.077881	9	0.008780	4
530.077881	10	0.009756	5
530.077881	12	0.011707	2
530.077881	44	0.042927	1
530.077881	39	0.038049	1
530.077881	15	0.014634	2
530.077881	11	0.010732	4
530.077881	46	0.044878	1
530.077881	17	0.016585	1
530.077881	28	0.027317	1
530.077881	16	0.015610	3
530.077881	19	0.018537	1
530.077881	14	0.013659	1
530.077881	32	0.031220	1
530.077881	29	0.028293	1
530.077881	13	0.012683	2
530.077881	20	0.019512	1
540.078735	1	0.000976	66
540.078735	2	0.001951	30
540.078735	3	0.002927	26
540.078735	4	0.003902	20
540.078735	5	0.004878	11
540.078735	6	0.005854	12
540.078735	7	0.006829	6
540.078735	8	0.007805	7
540.078735	9	0.008780	3
540.078735	10	0.009756	0
540.078735	32	0.031220	1
540.078735	17	0.016585	1
540.078735	83	0.080976	1
540.078735	25	0.024390	1
540.078735	20	0.019512	1
540.078735	22	0.021463	2
540.078735	24	0.023415	2
540.078735	21	0.020488	1
540.078735	11	0.010732	4
540.078735	34	0.033171	1
540.078735	14	0.013659	2
540.078735	16	0.015610	1
540.078735	26	0.025366	1
540.078735	12	0.011707	3
540.078735	15	0.014634	1
550.079712	1	0.000976	69
550.079712	2	0.001951	33
550.079712	3	0.002927	20
550.079712	4	0.003902	13
550.079712	5	0.004878	16
550.079712	6	0.005854	8
550.079712	7	0.006829	8
550.079712	8	0.007805	2
550.079712	9	0.008780	6
550.079712	10	0.009756	4
550.079712	17	0.016585	3
550.079712	13	0.012683	2
550.079712	14	0.013659	6
550.079712	15	0.014634	3
550.079712	12	0.011707	6
550.079712	20	0.019512	1
550.079712	33	0.032195	1
550.079712	23	0.022439	1
550.079712	26	0.025366	1
550.079712	16	0.015610	2
550.079712	31	0.030244	1
550.079712	11	0.010732	2
550.079712	19	0.018537	1
560.080566	1	0.000976	96
560.080566	2	0.001951	46
560.080566	3	0.002927	29
560.080566	4	0.003902	15
560.080566	5	0.004878	6
560.080566	6	0.005854	5
560.080566	7	0.006829	6
560.080566	8	0.007805	4
560.080566	9	0.008780	4
560.080566	10	0.009756	2
560.080566	12	0.011707	3
560.080566	16	0.015610	1
560.080566	21	0.020488	2
560.080566	15	0.014634	2
560.080566	11	0.010732	5
560.080566	14	0.013659	4
560.080566	18	0.017561	2
560.080566	17	0.016585	2
560.080566	24	0.023415	2
560.080566	19	0.018537	3
560.080566	30	0.029268	1
560.080566	20	0.019512	3
570.081177	1	0.000976	73
570.081177	2	0.001951	34
570.081177	3	0.002927	22
570.081177	4	0.003902	17
570.081177	5	0.004878	12
570.081177	6	0.005854	10
570.081177	7	0.006829	9
570.081177	8	0.007805	3
570.081177	9	0.008780	3
570.081177	10	0.009756	3
570.081177	11	0.010732	1
570.081177	19	0.018537	1
570.081177	31	0.030244	1
570.081177	18	0.017561	2
570.081177	14	0.013659	2
570.081177	28	0.027317	1
570.081177	24	0.023415	2
570.081177	17	0.016585	1
570.081177	34	0.033171	1
570.081177	13	0.012683	6
570.081177	20	0.019512	1
570.081177	15	0.014634	2
570.081177	46	0.044878	1
570.081177	27	0.026341	1
570.081177	12	0.011707	1
570.081177	21	0.020488	1
580.082092	1	0.000976	82
580.082092	2	0.001951	43
580.082092	3	0.002927	22
580.082092	4	0.003902	20
580.082092	5	0.004878	13
580.082092	6	0.005854	13
580.082092	7	0.006829	7
580.082092	8	0.007805	4
580.082092	9	0.008780	1
580.082092	10	0.009756	5
580.082092	11	0.010732	7
580.082092	13	0.012683	2
580.082092	23	0.022439	2
580.082092	31	0.030244	1
580.082092	19	0.018537	3
580.082092	21	0.020488	2
580.082092	15	0.014634	2
580.082092	16	0.015610	1
580.082092	25	0.024390	1
580.082092	14	0.013659	1
580.082092	17	0.016585	1
580.082092	29	0.028293	1
580.082092	18	0.017561	1
590.083008	1	0.000976	74
590.083008	2	0.001951	33
590.083008	3	0.002927	16
590.083008	4	0.003902	22
590.083008	5	0.004878	13
590.083008	6	0.005854	6
590.083008	7	0.006829	6
590.083008	8	0.007805	11
590.083008	9	0.008780	3
590.083008	10	0.009756	4
590.083008	13	0.012683	1
590.083008	14	0.013659	3
590.083008	16	0.015610	3
590.083008	33	0.032195	1
590.083008	20	0.019512	2
590.083008	25	0.024390	3
590.083008	11	0.010732	5
590.083008	36	0.035122	1
590.083008	15	0.014634	3
590.083008	22	0.021463	1
590.083008	24	0.023415	1
590.083008	18	0.017561	1
600.083557	1	0.000977	82
600.083557	2	0.001953	30
600.083557	3	0.002930	22
600.083557	4	0.003906	16
600.083557	5	0.004883	8
600.083557	6	0.005859	7
600.083557	7	0.006836	6
600.083557	8	0.007812	5
600.083557	9	0.008789	2
600.083557	10	0.009766	2
600.083557	42	0.041016	1
600.083557	22	0.021484	1
600.083557	13	0.012695	1
600.083557	11	0.010742	3
600.083557	32	0.031250	1
600.083557	18	0.017578	2
600.083557	26	0.025391	1
600.083557	19	0.018555	1
600.083557	17	0.016602	1
600.083557	14	0.013672	2
600.083557	36	0.035156	1
600.083557	20	0.019531	1
600.083557	39	0.038086	1
600.083557	50	0.048828	1
600.083557	23	0.022461	2
600.083557	21	0.020508	1
600.083557	27	0.026367	1
600.083557	12	0.011719	1
600.083557	15	0.014648	1
600.083557	16	0.015625	1
610.084106	1	0.000976	97
610.084106	2	0.001951	51
610.084106	3	0.002927	27
610.084106	4	0.003902	21
610.084106	5	0.004878	9
610.084106	6	0.005854	5
610.084106	7	0.006829	4
610.084106	8	0.007805	5
610.084106	9	0.008780	1
610.084106	10	0.009756	5
610.084106	12	0.011707	3
610.084106	17	0.016585	3
610.084106	16	0.015610	1
610.084106	14	0.013659	1
610.084106	22	0.021463	3
610.084106	81	0.079024	1
610.084106	25	0.024390	2
610.084106	33	0.032195	1
610.084106	11	0.010732	3
610.084106	19	0.018537	1
610.084106	26	0.025366	1
610.084106	13	0.012683	1
610.084106	21	0.020488	1
620.084900	1	0.000976	74
620.084900	2	0.001951	33
620.084900	3	0.002927	29
620.084900	4	0.003902	11
620.084900	5	0.004878	7
620.084900	6	0.005854	14
620.084900	7	0.006829	8
620.084900	8	0.007805	6
620.084900	9	0.008780	4
620.084900	10	0.009756	3
620.084900	14	0.013659	2
620.084900	11	0.010732	3
620.084900	17	0.016585	1
620.084900	31	0.030244	1
620.084900	12	0.011707	3
620.084900	23	0.022439	1
620.084900	16	0.015610	4
620.084900	32	0.031220	1
620.084900	21	0.020488	2
620.084900	20	0.019512	3
620.084900	13	0.012683	1
620.084900	19	0.018537	2
620.084900	33	0.032195	1
620.084900	15	0.014634	1
630.085693	1	0.000976	87
630.085693	2	0.001951	32
630.085693	3	0.002927	20
630.085693	4	0.003902	11
630.085693	5	0.004878	10
630.085693	6	0.005854	8
630.085693	7	0.006829	5
630.085693	8	0.007805	3
630.085693	9	0.008780	5
630.085693	10	0.009756	4
630.085693	33	0.032195	2
630.085693	26	0.025366	2
630.085693	29	0.028293	2
630.085693	11	0.010732	4
630.085693	31	0.030244	2
630.085693	18	0.017561	2
630.085693	24	0.023415	1
630.085693	17	0.016585	4
630.085693	15	0.014634	3
630.085693	12	0.011707	1
630.085693	13	0.012683	2
630.085693	21	0.020488	1
630.085693	14	0.013659	1
640.086243	1	0.000976	77
640.086243	2	0.001951	32
640.086243	3	0.002927	21
640.086243	4	0.003902	17
640.086243	5	0.004878	6
640.086243	6	0.005854	11
640.086243	7	0.006829	4
640.086243	8	0.007805	7
640.086243	9	0.008780	6
640.086243	10	0.009756	5
640.086243	12	0.011707	3
640.086243	19	0.018537	1
640.086243	42	0.040976	1
640.086243	20	0.019512	1
640.086243	17	0.016585	2
640.086243	27	0.026341	2
640.086243	11	0.010732	4
640.086243	22	0.021463	2
640.086243	14	0.013659	1
640.086243	16	0.015610	1
640.086243	18	0.017561	4
640.086243	13	0.012683	1
640.086243	31	0.030244	1
640.086243	15	0.014634	2
650.086426	1	0.000976	74
650.086426	2	0.001951	33
650.086426	3	0.002927	27
650.086426	4	0.003902	12
650.086426	5	0.004878	14
650.086426	6	0.005854	7
650.086426	7	0.006829	5
650.086426	8	0.007805	2
650.086426	9	0.008780	8
650.086426	10	0.009756	1
650.086426	21	0.020488	1
650.086426	11	0.010732	7
650.086426	22	0.021463	3
650.086426	18	0.017561	1
650.086426	19	0.018537	2
650.086426	12	0.011707	3
650.086426	13	0.012683	9
650.086426	14	0.013659	3
650.086426	17	0.016585	1
650.086426	35	0.034146	1
650.086426	24	0.023415	1
650.086426	20	0.019512	1
660.086853	1	0.000976	86
660.086853	2	0.001951	36
660.086853	3	0.002927	32
660.086853	4	0.003902	14
660.086853	5	0.004878	9
660.086853	6	0.005854	9
660.086853	7	0.006829	4
660.086853	8	0.007805	11
660.086853	9	0.008780	1
660.086853	10	0.009756	4
660.086853	11	0.010732	7
660.086853	14	0.013659	2
660.086853	18	0.017561	3
660.086853	21	0.020488	2
660.086853	46	0.044878	1
660.086853	31	0.030244	1
660.086853	16	0.015610	1
660.086853	12	0.011707	1
660.086853	22	0.021463	2
660.086853	23	0.022439	2
660.086853	13	0.012683	2
660.086853	29	0.028293	1
670.087524	1	0.000976	87
670.087524	2	0.001951	36
670.087524	3	0.002927	25
670.087524	4	0.003902	11
670.087524	5	0.004878	7
670.087524	6	0.005854	6
670.087524	7	0.006829	4
670.087524	8	0.007805	8
670.087524	9	0.008780	4
670.087524	10	0.009756	5
670.087524	12	0.011707	4
670.087524	20	0.019512	1
670.087524	34	0.033171	1
670.087524	14	0.013659	1
670.087524	18	0.017561	2
670.087524	13	0.012683	3
670.087524	22	0.021463	1
670.087524	28	0.027317	2
670.087524	16	0.015610	3
670.087524	32	0.031220	1
670.087524	24	0.023415	1
670.087524	25	0.024390	1
670.087524	23	0.022439	1
670.087524	17	0.016585	1
670.087524	11	0.010732	3
670.087524	27	0.026341	1
680.088074	1	0.000976	79
680.088074	2	0.001951	33
680.088074	3	0.002927	26
680.088074	4	0.003902	19
680.088074	5	0.004878	11
680.088074	6	0.005854	11
680.088074	7	0.006829	3
680.088074	8	0.007805	6
680.088074	9	0.008780	4
680.088074	10	0.009756	3
680.088074	34	0.033171	1
680.088074	14	0.013659	4
680.088074	27	0.026341	2
680.088074	32	0.031220	1
680.088074	16	0.015610	2
680.088074	11	0.010732	4
680.088074	12	0.011707	3
680.088074	21	0.020488	1
680.088074	13	0.012683	5
680.088074	15	0.014634	1
680.088074	22	0.021463	1
680.088074	17	0.016585	1
680.088074	23	0.022439	1
680.088074	19	0.018537	1
690.088562	1	0.000976	71
690.088562	2	0.001951	37
690.088562	3	0.002927	25
690.088562	4	0.003902	17
690.088562	5	0.004878	17
690.088562	6	0.005854	8
690.088562	7	0.006829	7
690.088562	8	0.007805	10
690.088562	9	0.008780	6
690.088562	10	0.009756	4
690.088562	22	0.021463	4
690.088562	16	0.015610	1
690.088562	46	0.044878	1
690.088562	20	0.019512	2
690.088562	17	0.016585	4
690.088562	11	0.010732	2
690.088562	12	0.011707	2
690.088562	26	0.025366	1
690.088562	15	0.014634	2
690.088562	21	0.020488	1
700.088928	1	0.000976	84
700.088928	2	0.001951	40
700.088928	3	0.002927	33
700.088928	4	0.003902	11
700.088928	5	0.004878	10
700.088928	6	0.005854	18
700.088928	7	0.006829	5
700.088928	8	0.007805	3
700.088928	9	0.008780	5
700.088928	10	0.009756	4
700.088928	11	0.010732	3
700.088928	17	0.016585	2
700.088928	15	0.014634	2
700.088928	13	0.012683	4
700.088928	16	0.015610	3
700.088928	21	0.020488	2
700.088928	18	0.017561	2
700.088928	14	0.013659	1
700.088928	23	0.022439	2
700.088928	26	0.025366	1
700.088928	12	0.011707	3
700.088928	19	0.018537	1
710.089722	1	0.000976	90
710.089722	2	0.001951	43
710.089722	3	0.002927	25
710.089722	4	0.003902	12
710.089722	5	0.004878	14
710.089722	6	0.005854	12
710.089722	7	0.006829	3
710.089722	8	0.007805	8
710.089722	9	0.008780	6
710.089722	10	0.009756	1
710.089722	35	0.034146	1
710.089722	15	0.014634	2
710.089722	17	0.016585	2
710.089722	19	0.018537	1
710.089722	24	0.023415	1
710.089722	21	0.020488	1
710.089722	18	0.017561	3
710.089722	11	0.010732	2
710.089722	23	0.022439	1
710.089722	13	0.012683	1
710.089722	34	0.033171	1
710.089722	12	0.011707	1
710.089722	16	0.015610	1
710.089722	37	0.036098	1
710.089722	27	0.026341	1
710.089722	20	0.019512	1
710.089722	14	0.013659	1
720.090149	1	0.000976	80
720.090149	2	0.001951	30
720.090149	3	0.002927	27
720.090149	4	0.003902	14
720.090149	5	0.004878	12
720.090149	6	0.005854	10
720.090149	7	0.006829	7
720.090149	8	0.007805	6
720.090149	9	0.008780	2
720.090149	10	0.009756	3
720.090149	31	0.030244	1
720.090149	20	0.019512	3
720.090149	11	0.010732	6
720.090149	27	0.026341	1
720.090149	12	0.011707	7
720.090149	15	0.014634	5
720.090149	35	0.034146	1
720.090149	22	0.021463	1
720.090149	23	0.022439	1
720.090149	17	0.016585	1
720.090149	14	0.013659	1
720.090149	16	0.015610	1
720.090149	13	0.012683	1
730.090637	1	0.000976	78
730.090637	2	0.001951	37
730.090637	3	0.002927	28
730.090637	4	0.003902	23
730.090637	5	0.004878	5
730.090637	6	0.005854	9
730.090637	7	0.006829	8
730.090637	8	0.007805	3
730.090637	9	0.008780	7
730.090637	10	0.009756	5
730.090637	13	0.012683	2
730.090637	14	0.013659	3
730.090637	40	0.039024	1
730.090637	19	0.018537	1
730.090637	18	0.017561	1
730.090637	12	0.011707	4
730.090637	22	0.021463	2
730.090637	24	0.023415	1
730.090637	35	0.034146	1
730.090637	11	0.010732	5
730.090637	17	0.016585	2
730.090637	25	0.024390	1
730.090637	15	0.014634	1
740.091064	1	0.000974	82
740.091064	2	0.001947	33
740.091064	3	0.002921	23
740.091064	4	0.003895	9
740.091064	5	0.004869	14
740.091064	6	0.005842	12
740.091064	7	0.006816	6
740.091064	8	0.007790	5
740.091064	9	0.008763	4
740.091064	10	0.009737	4
740.091064	20	0.019474	1
740.091064	25	0.024343	1
740.091064	15	0.014606	5
740.091064	17	0.016553	2
740.091064	22	0.021422	2
740.091064	37	0.036027	1
740.091064	27	0.026290	1
740.091064	14	0.013632	1
740.091064	18	0.017527	2
740.091064	24	0.023369	1
740.091064	34	0.033106	1
740.091064	44	0.042843	1
740.091064	11	0.010711	2
740.091064	12	0.011685	1
740.091064	13	0.012658	2
750.091736	1	0.000975	94
750.091736	2	0.001949	35
750.091736	3	0.002924	23
750.091736	4	0.003899	18
750.091736	5	0.004873	15
750.091736	6	0.005848	13
750.091736	7	0.006823	6
750.091736	8	0.007797	7
750.091736	9	0.008772	4
750.091736	10	0.009747	1
750.091736	17	0.016569	1
750.091736	20	0.019493	1
750.091736	35	0.034113	1
750.091736	15	0.014620	2
750.091736	14	0.013645	2
750.091736	16	0.015595	1
750.091736	12	0.011696	3
750.091736	38	0.037037	1
750.091736	45	0.043860	1
750.091736	30	0.029240	1
750.091736	18	0.017544	1
750.091736	11	0.010721	2
750.091736	64	0.062378	1
750.091736	25	0.024366	1
760.092834	1	0.000976	91
760.092834	2	0.001951	38
760.092834	3	0.002927	19
760.092834	4	0.003902	20
760.092834	5	0.004878	20
760.092834	6	0.005854	7
760.092834	7	0.006829	7
760.092834	8	0.007805	7
760.092834	9	0.008780	4
760.092834	10	0.009756	2
760.092834	15	0.014634	4
760.092834	13	0.012683	2
760.092834	11	0.010732	3
760.092834	20	0.019512	1
760.092834	14	0.013659	1
760.092834	12	0.011707	2
760.092834	28	0.027317	4
760.092834	27	0.026341	1
760.092834	21	0.020488	1
760.092834	18	0.017561	1
760.092834	16	0.015610	2
760.092834	31	0.030244	1
770.093506	1	0.000976	74
770.093506	2	0.001951	43
770.093506	3	0.002927	21
770.093506	4	0.003902	16
770.093506	5	0.004878	10
770.093506	6	0.005854	7
770.093506	7	0.006829	6
770.093506	8	0.007805	10
770.093506	9	0.008780	4
770.093506	10	0.009756	3
770.093506	19	0.018537	1
770.093506	24	0.023415	1
770.093506	14	0.013659	3
770.093506	15	0.014634	5
770.093506	33	0.032195	1
770.093506	12	0.011707	3
770.093506	11	0.010732	5
770.093506	13	0.012683	2
770.093506	16	0.015610	1
770.093506	39	0.038049	1
770.093506	29	0.028293	1
770.093506	20	0.019512	1
770.093506	26	0.025366	1
770.093506	18	0.017561	1
780.093689	1	0.000977	86
780.093689	2	0.001953	29
780.093689	3	0.002930	20
780.093689	4	0.003906	13
780.093689	5	0.004883	9
780.093689	6	0.005859	7
780.093689	7	0.006836	11
780.093689	8	0.007812	7
780.093689	9	0.008789	6
780.093689	10	0.009766	5
780.093689	25	0.024414	2
780.093689	15	0.014648	3
780.093689	16	0.015625	2
780.093689	73	0.071289	1
780.093689	18	0.017578	2
780.093689	17	0.016602	1
780.093689	11	0.010742	3
780.093689	13	0.012695	3
780.093689	21	0.020508	2
780.093689	23	0.022461	1
780.093689	22	0.021484	1
780.093689	20	0.019531	1
780.093689	12	0.011719	1
790.094299	1	0.000976	75
790.094299	2	0.001951	33
790.094299	3	0.002927	13
790.094299	4	0.003902	17
790.094299	5	0.004878	16
790.094299	6	0.005854	12
790.094299	7	0.006829	3
790.094299	8	0.007805	3
790.094299	9	0.008780	8
790.094299	10	0.009756	2
790.094299	15	0.014634	2
790.094299	18	0.017561	4
790.094299	23	0.022439	3
790.094299	11	0.010732	4
790.094299	17	0.016585	4
790.094299	28	0.027317	1
790.094299	19	0.018537	3
790.094299	12	0.011707	3
790.094299	25	0.024390	1
790.094299	46	0.044878	1
790.094299	13	0.012683	1
800.094910	1	0.000976	79
800.094910	2	0.001951	38
800.094910	3	0.002927	17
800.094910	4	0.003902	16
800.094910	5	0.004878	7
800.094910	6	0.005854	12
800.094910	7	0.006829	14
800.094910	8	0.007805	4
800.094910	9	0.008780	6
800.094910	10	0.009756	4
800.094910	15	0.014634	2
800.094910	12	0.011707	3
800.094910	13	0.012683	5
800.094910	17	0.016585	1
800.094910	16	0.015610	2
800.094910	26	0.025366	1
800.094910	14	0.013659	4
800.094910	19	0.018537	2
800.094910	18	0.017561	1
800.094910	27	0.026341	1
800.094910	35	0.034146	1
800.094910	11	0.010732	2
800.094910	22	0.021463	1
810.095520	1	0.000976	86
810.095520	2	0.001951	33
810.095520	3	0.002927	24
810.095520	4	0.003902	14
810.095520	5	0.004878	9
810.095520	6	0.005854	7
810.095520	7	0.006829	7
810.095520	8	0.007805	4
810.095520	9	0.008780	2
810.095520	10	0.009756	4
810.095520	24	0.023415	1
810.095520	38	0.037073	1
810.095520	22	0.021463	3
810.095520	18	0.017561	2
810.095520	30	0.029268	1
810.095520	11	0.010732	6
810.095520	17	0.016585	3
810.095520	16	0.015610	1
810.095520	23	0.022439	1
810.095520	14	0.013659	3
810.095520	28	0.027317	1
810.095520	13	0.012683	2
810.095520	19	0.018537	1
810.095520	12	0.011707	2
810.095520	15	0.014634	2
820.096191	1	0.000976	75
820.096191	2	0.001951	33
820.096191	3	0.002927	23
820.096191	4	0.003902	14
820.096191	5	0.004878	10
820.096191	6	0.005854	4
820.096191	7	0.006829	4
820.096191	8	0.007805	7
820.096191	9	0.008780	6
820.096191	10	0.009756	3
820.096191	62	0.060488	1
820.096191	28	0.027317	3
820.096191	20	0.019512	2
820.096191	31	0.030244	1
820.096191	22	0.021463	1
820.096191	17	0.016585	3
820.096191	15	0.014634	1
820.096191	41	0.040000	1
820.096191	19	0.018537	1
820.096191	32	0.031220	1
820.096191	18	0.017561	2
820.096191	43	0.041951	1
820.096191	14	0.013659	2
820.096191	13	0.012683	1
830.096680	1	0.000976	77
830.096680	2	0.001951	37
830.096680	3	0.002927	30
830.096680	4	0.003902	10
830.096680	5	0.004878	5
830.096680	6	0.005854	13
830.096680	7	0.006829	12
830.096680	8	0.007805	4
830.096680	9	0.008780	2
830.096680	10	0.009756	4
830.096680	15	0.014634	2
830.096680	29	0.028293	1
830.096680	16	0.015610	4
830.096680	14	0.013659	2
830.096680	19	0.018537	1
830.096680	32	0.031220	1
830.096680	12	0.011707	2
830.096680	13	0.012683	1
830.096680	49	0.047805	2
830.096680	22	0.021463	1
830.096680	18	0.017561	1
830.096680	11	0.010732	1
830.096680	20	0.019512	1
830.096680	17	0.016585	1
830.096680	42	0.040976	1
840.097473	1	0.000976	82
840.097473	2	0.001951	36
840.097473	3	0.002927	21
840.097473	4	0.003902	27
840.097473	5	0.004878	19
840.097473	6	0.005854	5
840.097473	7	0.006829	7
840.097473	8	0.007805	8
840.097473	9	0.008780	1
840.097473	10	0.009756	8
840.097473	20	0.019512	1
840.097473	28	0.027317	1
840.097473	22	0.021463	2
840.097473	11	0.010732	2
840.097473	51	0.049756	1
840.097473	23	0.022439	1
840.097473	15	0.014634	2
840.097473	13	0.012683	2
840.097473	17	0.016585	2
840.097473	12	0.011707	4
840.097473	31	0.030244	1
840.097473	16	0.015610	1
850.098267	1	0.000976	93
850.098267	2	0.001951	49
850.098267	3	0.002927	27
850.098267	4	0.003902	15
850.098267	5	0.004878	9
850.098267	6	0.005854	11
850.098267	7	0.006829	9
850.098267	8	0.007805	9
850.098267	9	0.008780	4
850.098267	10	0.009756	0
850.098267	24	0.023415	2
850.098267	17	0.016585	3
850.098267	19	0.018537	2
850.098267	20	0.019512	2
850.098267	15	0.014634	3
850.098267	35	0.034146	1
850.098267	21	0.020488	1
850.098267	12	0.011707	2
850.098267	16	0.015610	1
850.098267	13	0.012683	3
850.098267	11	0.010732	2
850.098267	18	0.017561	1
850.098267	14	0.013659	1
860.098877	1	0.000976	80
860.098877	2	0.001951	34
860.098877	3	0.002927	30
860.098877	4	0.003902	14
860.098877	5	0.004878	12
860.098877	6	0.005854	7
860.098877	7	0.006829	5
860.098877	8	0.007805	6
860.098877	9	0.008780	1
860.098877	10	0.009756	8
860.098877	35	0.034146	1
860.098877	12	0.011707	2
860.098877	32	0.031220	1
860.098877	22	0.021463	2
860.098877	15	0.014634	2
860.098877	11	0.010732	4
860.098877	28	0.027317	1
860.098877	48	0.046829	1
860.098877	29	0.028293	1
860.098877	56	0.054634	1
860.098877	30	0.029268	1
860.098877	43	0.041951	1
860.098877	14	0.013659	1
870.099365	1	0.000977	91
870.099365	2	0.001953	37
870.099365	3	0.002930	16
870.099365	4	0.003906	20
870.099365	5	0.004883	14
870.099365	6	0.005859	11
870.099365	7	0.006836	7
870.099365	8	0.007812	10
870.099365	9	0.008789	4
870.099365	10	0.009766	7
870.099365	27	0.026367	1
870.099365	16	0.015625	2
870.099365	12	0.011719	4
870.099365	15	0.014648	2
870.099365	26	0.025391	1
870.099365	23	0.022461	2
870.099365	38	0.037109	1
870.099365	11	0.010742	2
870.099365	14	0.013672	1
870.099365	13	0.012695	3
870.099365	18	0.017578	1
870.099365	20	0.019531	1
880.099915	1	0.000976	82
880.099915	2	0.001951	42
880.099915	3	0.002927	17
880.099915	4	0.003902	18
880.099915	5	0.004878	8
880.099915	6	0.005854	7
880.099915	7	0.006829	11
880.099915	8	0.007805	5
880.099915	9	0.008780	5
880.099915	10	0.009756	4
880.099915	19	0.018537	1
880.099915	11	0.010732	4
880.099915	47	0.045854	1
880.099915	15	0.014634	1
880.099915	30	0.029268	1
880.099915	13	0.012683	3
880.099915	17	0.016585	2
880.099915	38	0.037073	1
880.099915	20	0.019512	1
880.099915	22	0.021463	1
880.099915	23	0.022439	1
880.099915	12	0.011707	2
880.099915	24	0.023415	1
880.099915	43	0.041951	1
880.099915	16	0.015610	1
880.099915	14	0.013659	1
890.101074	1	0.000976	92
890.101074	2	0.001951	30
890.101074	3	0.002927	20
890.101074	4	0.003902	12
890.101074	5	0.004878	12
890.101074	6	0.005854	10
890.101074	7	0.006829	14
890.101074	8	0.007805	5
890.101074	9	0.008780	9
890.101074	10	0.009756	9
890.101074	24	0.023415	3
890.101074	19	0.018537	1
890.101074	37	0.036098	1
890.101074	17	0.016585	1
890.101074	11	0.010732	4
890.101074	20	0.019512	2
890.101074	21	0.020488	1
890.101074	12	0.011707	1
890.101074	18	0.017561	1
890.101074	15	0.014634	1
890.101074	14	0.013659	2
890.101074	13	0.012683	1
900.101624	1	0.000976	84
900.101624	2	0.001951	35
900.101624	3	0.002927	32
900.101624	4	0.003902	7
900.101624	5	0.004878	15
900.101624	6	0.005854	8
900.101624	7	0.006829	5
900.101624	8	0.007805	9
900.101624	9	0.008780	4
900.101624	10	0.009756	4
900.101624	18	0.017561	1
900.101624	20	0.019512	2
900.101624	11	0.010732	4
900.101624	12	0.011707	3
900.101624	28	0.027317	2
900.101624	19	0.018537	1
900.101624	14	0.013659	4
900.101624	13	0.012683	4
900.101624	27	0.026341	1
900.101624	24	0.023415	1
900.101624	15	0.014634	2
900.101624	23	0.022439	1
900.101624	16	0.015610	1
910.101990	1	0.000976	99
910.101990	2	0.001951	34
910.101990	3	0.002927	15
910.101990	4	0.003902	5
910.101990	5	0.004878	16
910.101990	6	0.005854	9
910.101990	7	0.006829	5
910.101990	8	0.007805	5
910.101990	9	0.008780	6
910.101990	10	0.009756	2
910.101990	31	0.030244	2
910.101990	28	0.027317	2
910.101990	22	0.021463	3
910.101990	14	0.013659	3
910.101990	27	0.026341	2
910.101990	17	0.016585	2
910.101990	29	0.028293	1
910.101990	13	0.012683	5
910.101990	16	0.015610	1
910.101990	21	0.020488	2
910.101990	11	0.010732	4
920.102417	1	0.000976	86
920.102417	2	0.001951	46
920.102417	3	0.002927	20
920.102417	4	0.003902	16
920.102417	5	0.004878	13
920.102417	6	0.005854	11
920.102417	7	0.006829	6
920.102417	8	0.007805	3
920.102417	9	0.008780	4
920.102417	10	0.009756	3
920.102417	38	0.037073	1
920.102417	28	0.027317	1
920.102417	24	0.023415	1
920.102417	21	0.020488	1
920.102417	18	0.017561	3
920.102417	39	0.038049	1
920.102417	16	0.015610	3
920.102417	11	0.010732	2
920.102417	31	0.030244	2
920.102417	36	0.035122	1
920.102417	25	0.024390	1
920.102417	14	0.013659	1
920.102417	23	0.022439	1
920.102417	13	0.012683	2
930.102661	1	0.000976	88
930.102661	2	0.001951	24
930.102661	3	0.002927	21
930.102661	4	0.003902	12
930.102661	5	0.004878	10
930.102661	6	0.005854	10
930.102661	7	0.006829	6
930.102661	8	0.007805	6
930.102661	9	0.008780	4
930.102661	10	0.009756	4
930.102661	16	0.015610	1
930.102661	24	0.023415	2
930.102661	20	0.019512	1
930.102661	55	0.053659	1
930.102661	30	0.029268	1
930.102661	23	0.022439	1
930.102661	22	0.021463	1
930.102661	17	0.016585	2
930.102661	11	0.010732	2
930.102661	28	0.027317	1
930.102661	35	0.034146	1
930.102661	26	0.025366	1
930.102661	32	0.031220	1
930.102661	21	0.020488	1
930.102661	27	0.026341	1
930.102661	18	0.017561	1
930.102661	14	0.013659	1
930.102661	19	0.018537	1
930.102661	12	0.011707	1
940.103271	1	0.000977	77
940.103271	2	0.001953	39
940.103271	3	0.002930	23
940.103271	4	0.003906	14
940.103271	5	0.004883	14
940.103271	6	0.005859	5
940.103271	7	0.006836	7
940.103271	8	0.007812	4
940.103271	9	0.008789	2
940.103271	10	0.009766	2
940.103271	53	0.051758	1
940.103271	49	0.047852	1
940.103271	30	0.029297	2
940.103271	27	0.026367	1
940.103271	33	0.032227	1
940.103271	17	0.016602	2
940.103271	12	0.011719	3
940.103271	15	0.014648	4
940.103271	18	0.017578	1
940.103271	16	0.015625	1
940.103271	13	0.012695	1
940.103271	25	0.024414	2
940.103271	40	0.039062	1
940.103271	11	0.010742	2
940.103271	14	0.013672	1
950.103699	1	0.000976	96
950.103699	2	0.001951	47
950.103699	3	0.002927	21
950.103699	4	0.003902	20
950.103699	5	0.004878	15
950.103699	6	0.005854	13
950.103699	7	0.006829	4
950.103699	8	0.007805	8
950.103699	9	0.008780	8
950.103699	10	0.009756	1
950.103699	14	0.013659	4
950.103699	24	0.023415	1
950.103699	16	0.015610	3
950.103699	28	0.027317	1
950.103699	19	0.018537	1
950.103699	15	0.014634	2
950.103699	13	0.012683	2
950.103699	23	0.022439	1
950.103699	11	0.010732	5
950.103699	12	0.011707	1
950.103699	17	0.016585	1
950.103699	27	0.026341	1
960.104126	1	0.000976	71
960.104126	2	0.001951	34
960.104126	3	0.002927	22
960.104126	4	0.003902	12
960.104126	5	0.004878	7
960.104126	6	0.005854	7
960.104126	7	0.006829	6
960.104126	8	0.007805	1
960.104126	9	0.008780	8
960.104126	10	0.009756	2
960.104126	24	0.023415	1
960.104126	19	0.018537	1
960.104126	46	0.044878	1
960.104126	15	0.014634	2
960.104126	23	0.022439	1
960.104126	26	0.025366	2
960.104126	22	0.021463	1
960.104126	21	0.020488	1
960.104126	12	0.011707	3
960.104126	14	0.013659	1
960.104126	32	0.031220	1
960.104126	16	0.015610	4
960.104126	13	0.012683	3
960.104126	17	0.016585	3
960.104126	20	0.019512	2
960.104126	11	0.010732	2
960.104126	18	0.017561	1
970.104492	1	0.000976	89
970.104492	2	0.001951	22
970.104492	3	0.002927	18
970.104492	4	0.003902	21
970.104492	5	0.004878	7
970.104492	6	0.005854	10
970.104492	7	0.006829	9
970.104492	8	0.007805	11
970.104492	9	0.008780	4
970.104492	10	0.009756	6
970.104492	25	0.024390	2
970.104492	19	0.018537	1
970.104492	65	0.063415	1
970.104492	14	0.013659	2
970.104492	12	0.011707	2
970.104492	24	0.023415	1
970.104492	13	0.012683	2
970.104492	29	0.028293	1
970.104492	16	0.015610	2
970.104492	11	0.010732	1
970.104492	17	0.016585	2
970.104492	18	0.017561	1
970.104492	31	0.030244	1
970.104492	21	0.020488	1
980.105103	1	0.000976	78
980.105103	2	0.001951	45
980.105103	3	0.002927	28
980.105103	4	0.003902	16
980.105103	5	0.004878	14
980.105103	6	0.005854	14
980.105103	7	0.006829	7
980.105103	8	0.007805	7
980.105103	9	0.008780	7
980.105103	10	0.009756	6
980.105103	11	0.010732	5
980.105103	16	0.015610	1
980.105103	28	0.027317	1
980.105103	23	0.022439	1
980.105103	13	0.012683	3
980.105103	14	0.013659	2
980.105103	22	0.021463	1
980.105103	19	0.018537	1
980.105103	29	0.028293	1
980.105103	27	0.026341	1
980.105103	15	0.014634	1
980.105103	26	0.025366	1
990.106018	1	0.000976	100
990.106018	2	0.001951	38
990.106018	3	0.002927	26
990.106018	4	0.003902	14
990.106018	5	0.004878	11
990.106018	6	0.005854	9
990.106018	7	0.006829	7
990.106018	8	0.007805	9
990.106018	9	0.008780	4
990.106018	10	0.009756	5
990.106018	28	0.027317	1
990.106018	15	0.014634	4
990.106018	21	0.020488	1
990.106018	32	0.031220	1
990.106018	12	0.011707	3
990.106018	55	0.053659	1
990.106018	24	0.023415	1
990.106018	22	0.021463	2
990.106018	11	0.010732	2
990.106018	17	0.016585	2
990.106018	16	0.015610	1
990.106018	14	0.013659	1
990.106018	13	0.012683	1
1000.000000	1	0.000976	68
1000.000000	2	0.001951	30
1000.000000	3	0.002927	20
1000.000000	4	0.003902	7
1000.000000	5	0.004878	13
1000.000000	6	0.005854	9
1000.000000	7	0.006829	6
1000.000000	8	0.007805	5
1000.000000	9	0.008780	3
1000.000000	10	0.009756	8
1000.000000	12	0.011707	9
1000.000000	34	0.033171	2
1000.000000	19	0.018537	1
1000.000000	25	0.024390	1
1000.000000	18	0.017561	2
1000.000000	11	0.010732	3
1000.000000	16	0.015610	2
1000.000000	13	0.012683	4
1000.000000	15	0.014634	2
1000.000000	20	0.019512	1
1000.000000	21	0.020488	2
1000.000000	22	0.021463	1
1000.000000	14	0.013659	1
